# UNNAMED
#pos	aa	i	o	M	S
1	M	0.00000	0.99993	0.00000	7e-05
2	A	0.00000	0.99993	0.00000	7e-05
3	G	0.00000	0.99993	0.00000	7e-05
4	S	0.00000	0.99993	0.00000	7e-05
5	P	0.00000	0.99993	0.00000	7e-05
6	T	0.00000	0.99993	0.00001	7e-05
7	C	0.00000	0.9999	0.00003	7e-05
8	L	0.00000	0.9852	0.01473	7e-05
9	T	0.00000	0.95971	0.04022	7e-05
10	L	0.00000	0.94389	0.05604	7e-05
11	I	0.00000	0.29683	0.70310	7e-05
12	Y	0.00000	0.08793	0.91201	6e-05
13	I	0.00000	0.03689	0.96304	6e-05
14	L	0.00000	0.01775	0.98218	6e-05
15	W	0.00000	0.01064	0.98929	6e-05
16	Q	0.00000	0.00986	0.99007	7e-05
17	L	0.00000	0.00611	0.99384	4e-05
18	T	0.00000	0.00426	0.99569	4e-05
19	G	0.00000	0.00375	0.99620	4e-05
20	S	0.00000	0.00348	0.99647	4e-05
21	A	0.00000	0.00167	0.99831	2e-05
22	A	0.00000	0.00104	0.99895	1e-05
23	S	0.00000	0.00012	0.99988	0
24	G	0.00000	5e-05	0.99995	0
25	P	0.00000	3e-05	0.99997	0
26	V	0.00000	2e-05	0.99998	0
27	K	0.00001	1e-05	0.99997	0
28	E	0.00003	1e-05	0.99996	0
29	L	0.00005	1e-05	0.99994	0
30	V	0.00366	1e-05	0.99633	0
31	G	0.18543	1e-05	0.81455	0
32	S	0.47281	1e-05	0.52718	0
33	V	0.47621	1e-05	0.52378	0
34	G	0.56859	1e-05	0.43140	0
35	G	0.61081	1e-05	0.38917	0
36	A	0.62236	1e-05	0.37763	0
37	V	0.65740	1e-05	0.34259	0
38	T	0.81516	1e-05	0.18483	0
39	F	0.82790	1e-05	0.17209	0
40	P	0.97354	1e-05	0.02645	0
41	L	0.98071	1e-05	0.01928	0
42	K	0.99402	1e-05	0.00597	0
43	S	0.85022	1e-05	0.14977	0
44	K	0.63709	1e-05	0.36289	0
45	V	0.27215	1e-05	0.72784	0
46	K	0.26436	1e-05	0.73563	0
47	Q	0.22980	1e-05	0.77019	0
48	V	0.18427	1e-05	0.81572	0
49	D	0.11119	1e-05	0.88880	0
50	S	0.06299	1e-05	0.93700	0
51	I	0.00458	0	0.99542	0
52	V	0.00039	0	0.99961	0
53	W	0.00004	0	0.99996	0
54	T	0.00000	0	1.00000	0
55	F	0.00000	0	1.00000	0
56	N	0.00000	0	1.00000	0
57	T	0.00000	0	1.00000	0
58	T	0.00000	0	1.00000	0
59	P	0.00000	0	1.00000	0
60	L	0.00000	0	1.00000	0
61	V	0.00000	9e-05	0.99991	0
62	T	0.00000	0.00653	0.99347	0
63	I	0.00000	0.03356	0.96644	0
64	Q	0.00000	0.73348	0.26652	0
65	P	0.00000	0.73481	0.26519	0
66	E	0.00000	0.75853	0.24147	0
67	G	0.00000	0.76683	0.23316	0
68	G	0.00000	0.81631	0.18369	0
69	T	0.00000	0.9353	0.06470	0
70	I	0.00000	0.98215	0.01785	0
71	I	0.00000	0.98268	0.01732	0
72	V	0.00000	0.98772	0.01228	0
73	T	0.00000	0.99677	0.00322	0
74	Q	0.00001	0.9988	0.00119	0
75	N	0.00001	0.99993	0.00005	0
76	R	0.00001	0.99998	0.00001	0
77	N	0.00001	0.99999	0.00000	0
78	R	0.00001	0.99999	0.00000	0
79	E	0.00001	0.99999	0.00000	0
80	R	0.00001	0.99998	0.00001	0
81	V	0.00001	0.99929	0.00070	0
82	D	0.00001	0.99923	0.00076	0
83	F	0.00001	0.99915	0.00084	0
84	P	0.00001	0.99913	0.00086	0
85	D	0.00001	0.99912	0.00087	0
86	G	0.00001	0.99912	0.00087	0
87	G	0.00001	0.99912	0.00087	0
88	Y	0.00000	0.99912	0.00088	0
89	S	0.00000	0.99912	0.00088	0
90	L	0.00000	0.99912	0.00088	0
91	K	0.00000	0.99912	0.00088	0
92	L	0.00000	0.99912	0.00088	0
93	S	0.00000	0.99912	0.00088	0
94	K	0.00000	0.99912	0.00088	0
95	L	0.00000	0.99912	0.00088	0
96	K	0.00000	0.99912	0.00088	0
97	K	0.00000	0.99912	0.00088	0
98	N	0.00000	0.99904	0.00096	0
99	D	0.00000	0.96999	0.03001	0
100	S	0.00001	0.71658	0.28341	0
101	G	0.00050	0.13589	0.86361	0
102	I	0.00055	0.011	0.98845	0
103	Y	0.00058	0.00244	0.99697	0
104	Y	0.00086	2e-05	0.99911	0
105	V	0.00086	0	0.99913	0
106	G	0.00087	0	0.99913	0
107	I	0.00087	0	0.99913	0
108	Y	0.00087	1e-05	0.99912	0
109	S	0.00087	1e-05	0.99912	0
110	S	0.00087	1e-05	0.99912	0
111	S	0.00087	1e-05	0.99912	0
112	L	0.00087	1e-05	0.99912	0
113	Q	0.00087	1e-05	0.99912	0
114	Q	0.00087	1e-05	0.99912	0
115	P	0.00087	1e-05	0.99912	0
116	S	0.00087	1e-05	0.99912	0
117	T	0.00087	1e-05	0.99912	0
118	Q	0.00087	1e-05	0.99912	0
119	E	0.00066	1e-05	0.99933	0
120	Y	0.00015	1e-05	0.99985	0
121	V	0.75160	0	0.24840	0
122	L	0.83350	0	0.16650	0
123	H	0.98863	0	0.01137	0
124	V	0.99871	0	0.00129	0
125	Y	0.99903	0	0.00097	0
126	E	0.99907	0	0.00093	0
127	H	0.99910	0	0.00090	0
128	L	0.99912	0	0.00088	0
129	S	0.99912	0	0.00088	0
130	K	0.99912	0	0.00088	0
131	P	0.99912	0	0.00088	0
132	K	0.99720	0	0.00280	0
133	V	0.66843	0	0.33157	0
134	T	0.58566	0	0.41434	0
135	M	0.53180	0	0.46820	0
136	G	0.50537	0	0.49463	0
137	L	0.04436	0	0.95564	0
138	Q	0.03134	3e-05	0.96863	0
139	S	0.00532	0.00016	0.99452	0
140	N	0.00473	0.0007	0.99457	0
141	K	0.00465	0.00086	0.99449	0
142	N	0.00329	0.00087	0.99584	0
143	G	0.00086	0.00087	0.99827	0
144	T	0.00026	0.00087	0.99887	0
145	C	0.00001	0.00087	0.99912	0
146	V	0.00001	0.00087	0.99912	0
147	T	0.00001	0.00087	0.99912	0
148	N	0.00001	0.00087	0.99912	0
149	L	0.00001	0.00087	0.99912	0
150	T	0.00001	0.00087	0.99912	0
151	C	0.00001	0.00198	0.99801	0
152	C	0.00001	0.01854	0.98145	0
153	M	0.00001	0.04149	0.95850	0
154	E	0.00001	0.41759	0.58240	0
155	H	0.00001	0.43886	0.56113	0
156	G	0.00001	0.46023	0.53976	0
157	E	0.00001	0.77264	0.22735	0
158	E	0.00001	0.98753	0.01246	0
159	D	0.00001	0.99521	0.00478	0
160	V	0.00000	0.9952	0.00479	0
161	I	0.00000	0.99522	0.00478	0
162	Y	0.00000	0.99574	0.00426	0
163	T	0.00000	0.99696	0.00303	0
164	W	0.00000	0.99765	0.00235	0
165	K	0.00000	0.99989	0.00011	0
166	A	0.00000	0.9999	0.00010	0
167	L	0.00000	0.99991	0.00009	0
168	G	0.00000	0.99989	0.00011	0
169	Q	0.00000	0.99989	0.00011	0
170	A	0.00000	0.99928	0.00072	0
171	A	0.00000	0.99778	0.00222	0
172	N	0.00000	0.99637	0.00363	0
173	E	0.00000	0.99025	0.00974	0
174	S	0.00000	0.98286	0.01714	0
175	H	0.00000	0.9771	0.02290	0
176	N	0.00000	0.43199	0.56801	0
177	G	0.00000	0.42399	0.57601	0
178	S	0.00000	0.34356	0.65644	0
179	I	0.00000	0.33535	0.66465	0
180	L	0.00000	0.05934	0.94066	0
181	P	0.00000	0.05837	0.94163	0
182	I	0.00000	0.05549	0.94451	0
183	S	0.00000	0.05339	0.94660	0
184	W	0.00000	0.05329	0.94670	0
185	R	0.00001	0.05215	0.94784	0
186	W	0.00001	0.05214	0.94785	0
187	G	0.00003	0.05214	0.94783	0
188	E	0.00006	0.05214	0.94781	0
189	S	0.00008	0.05212	0.94780	0
190	D	0.00009	0.05205	0.94786	0
191	M	0.00009	0.0509	0.94900	0
192	T	0.00009	0.05081	0.94910	0
193	F	0.00009	0.00162	0.99829	0
194	I	0.00010	9e-05	0.99982	0
195	C	0.00025	0	0.99975	0
196	V	0.00127	0	0.99873	0
197	A	0.03737	0	0.96263	0
198	R	0.47644	0	0.52356	0
199	N	0.58360	0	0.41640	0
200	P	0.62185	0	0.37815	0
201	V	0.63366	0	0.36634	0
202	S	0.83659	0	0.16341	0
203	R	0.94142	0	0.05858	0
204	N	0.94156	0	0.05844	0
205	F	0.94159	0	0.05841	0
206	S	0.94605	0	0.05395	0
207	S	0.94706	0	0.05294	0
208	P	0.94783	0	0.05217	0
209	I	0.94783	0	0.05217	0
210	L	0.94783	0	0.05217	0
211	A	0.94785	0	0.05215	0
212	R	0.94801	0	0.05199	0
213	K	0.94817	0	0.05183	0
214	L	0.94885	0	0.05115	0
215	C	0.95705	0	0.04295	0
216	E	0.99940	0	0.00060	0
217	G	0.99999	0	0.00001	0
218	A	0.99999	0	0.00001	0
219	A	0.99999	0	0.00001	0
220	D	0.99999	0	0.00001	0
221	D	0.99999	0	0.00001	0
222	P	0.99999	0	0.00001	0
223	D	0.99999	0	0.00001	0
224	S	0.99836	0	0.00163	0
225	S	0.09102	0	0.90897	0
226	M	0.06877	0	0.93123	0
227	V	0.05613	0	0.94387	0
228	L	0.05151	0	0.94849	0
229	L	0.00126	0	0.99874	0
230	C	0.00000	0	0.99999	0
231	L	0.00000	0	1.00000	0
232	L	0.00000	0	1.00000	0
233	L	0.00000	0	1.00000	0
234	V	0.00000	0	1.00000	0
235	P	0.00000	0	1.00000	0
236	L	0.00000	0	1.00000	0
237	L	0.00000	0	1.00000	0
238	L	0.00000	0	1.00000	0
239	S	0.00000	0	1.00000	0
240	L	0.00000	0	1.00000	0
241	F	0.00000	0	1.00000	0
242	V	0.00000	0	1.00000	0
243	L	0.00000	0	1.00000	0
244	G	0.00000	0	1.00000	0
245	L	0.00000	1e-05	0.99999	0
246	F	0.00000	0.00019	0.99981	0
247	L	0.00000	0.00218	0.99782	0
248	W	0.00000	0.01924	0.98076	0
249	F	0.00000	0.04163	0.95837	0
250	L	0.00000	0.25844	0.74156	0
251	K	0.00001	0.99387	0.00612	0
252	R	0.00001	0.99979	0.00020	0
253	E	0.00001	0.99999	0.00000	0
254	R	0.00001	0.99999	0.00000	0
255	Q	0.00001	0.99999	0.00000	0
256	E	0.00001	0.99999	0.00000	0
257	E	0.00001	0.99999	0.00000	0
258	Y	0.00001	0.99999	0.00000	0
259	I	0.00001	0.99999	0.00001	0
260	E	0.00001	0.99994	0.00005	0
261	E	0.00001	0.99991	0.00008	0
262	K	0.00001	0.99991	0.00008	0
263	K	0.00001	0.99991	0.00008	0
264	R	0.00001	0.9999	0.00009	0
265	V	0.00001	0.99438	0.00561	0
266	D	0.00001	0.97357	0.02642	0
267	I	0.00001	0.23115	0.76884	0
268	C	0.00001	0.20301	0.79698	0
269	R	0.00001	0.15614	0.84385	0
270	E	0.00001	0.06664	0.93335	0
271	T	0.00001	0.04054	0.95946	0
272	P	0.00001	0.0397	0.96029	0
273	N	0.00001	0.03936	0.96063	0
274	I	0.00001	0.03936	0.96063	0
275	C	0.00001	0.03936	0.96063	0
276	P	0.00001	0.03936	0.96063	0
277	H	0.00001	0.03936	0.96063	0
278	S	0.00001	0.03936	0.96063	0
279	G	0.00001	0.03936	0.96062	0
280	E	0.00009	0.03936	0.96055	0
281	N	0.00009	0.03935	0.96056	0
282	T	0.00009	0.0393	0.96061	0
283	E	0.00009	0.03917	0.96074	0
284	Y	0.00009	0.0391	0.96081	0
285	D	0.00009	0.03901	0.96090	0
286	T	0.00009	0.03682	0.96309	0
287	I	0.00009	0.03539	0.96452	0
288	P	0.00009	0.02437	0.97554	0
289	H	0.47870	0.01397	0.50733	0
290	T	0.67407	0.01347	0.31246	0
291	N	0.91129	0.01347	0.07524	0
292	R	0.96064	0.01346	0.02590	0
293	T	0.96064	0.01346	0.02590	0
294	I	0.96064	0.01346	0.02590	0
295	L	0.96064	0.01346	0.02590	0
296	K	0.96064	0.01346	0.02590	0
297	E	0.96064	0.01346	0.02590	0
298	D	0.96064	0.01346	0.02590	0
299	P	0.96064	0.01322	0.02615	0
300	A	0.96064	0.00933	0.03003	0
301	N	0.96064	0.00895	0.03041	0
302	T	0.96064	0.00798	0.03139	0
303	V	0.96064	0.0061	0.03326	0
304	Y	0.96064	0.00471	0.03464	0
305	S	0.96068	0.00417	0.03515	0
306	T	0.96087	0.00405	0.03508	0
307	V	0.96179	0.0023	0.03591	0
308	E	0.98653	0.00043	0.01303	0
309	I	0.98653	0.00013	0.01334	0
310	P	0.98653	0.00011	0.01336	0
311	K	0.98653	3e-05	0.01344	0
312	K	0.98653	1e-05	0.01346	0
313	M	0.98653	0	0.01347	0
314	E	0.98653	0	0.01347	0
315	N	0.98653	0	0.01347	0
316	P	0.98653	0	0.01347	0
317	H	0.98653	0	0.01347	0
318	S	0.98653	0	0.01347	0
319	L	0.98653	0	0.01347	0
320	L	0.98655	0	0.01345	0
321	T	0.98676	0	0.01324	0
322	M	0.98748	0	0.01252	0
323	P	0.98909	0	0.01091	0
324	D	0.99494	0	0.00506	0
325	T	0.99528	0	0.00472	0
326	P	0.99573	0	0.00427	0
327	R	0.99986	0	0.00014	0
328	L	0.99986	0	0.00014	0
329	F	0.99986	0	0.00014	0
330	A	0.99986	0	0.00014	0
331	Y	0.99987	0	0.00013	0
332	E	1.00000	0	0.00000	0
333	N	1.00000	0	0.00000	0
334	V	1.00000	0	0.00000	0
335	I	1.00000	0	0.00000	0
