# UNNAMED
#pos	aa	i	o	M	S
1	M	0.00000	0.76734	0.00000	0.23266
2	G	0.00000	0.76734	0.00000	0.23266
3	R	0.00000	0.76734	0.00000	0.23266
4	C	0.00000	0.76546	0.00187	0.23266
5	C	0.00000	0.71943	0.04791	0.23266
6	F	0.00000	0.36828	0.39906	0.23267
7	Y	0.00000	0.09873	0.66860	0.23266
8	T	0.00000	0.03406	0.73328	0.23267
9	A	0.00000	0.01432	0.75302	0.23266
10	G	0.00000	0.00794	0.75940	0.23266
11	T	0.00000	0.00545	0.76189	0.23265
12	L	0.00000	0.0053	0.76204	0.23265
13	S	0.00000	0.00529	0.76205	0.23266
14	L	0.00000	0.0053	0.76205	0.23264
15	L	0.00000	0.0053	0.76205	0.23264
16	L	0.00000	0.00531	0.76205	0.23264
17	L	0.00000	0.00532	0.76205	0.23263
18	V	0.00000	0.00539	0.76205	0.23256
19	T	0.00000	0.00539	0.76205	0.23256
20	S	0.00000	0.00539	0.76205	0.23256
21	V	0.00000	0.03411	0.76205	0.20383
22	T	0.00000	0.03411	0.76205	0.20383
23	L	0.00000	0.03414	0.76205	0.20381
24	L	0.00000	0.17694	0.76205	0.06101
25	V	0.00005	0.21066	0.76200	0.0273
26	A	0.00456	0.21066	0.75749	0.02729
27	R	0.03664	0.21069	0.72541	0.02725
28	V	0.04609	0.2107	0.71596	0.02725
29	F	0.11020	0.21071	0.65185	0.02723
30	Q	0.74199	0.21072	0.02006	0.02723
31	K	0.76145	0.23786	0.00060	0.0001
32	A	0.76201	0.23785	0.00004	0.0001
33	V	0.76203	0.23785	0.00002	9e-05
34	D	0.76205	0.23786	0.00000	9e-05
35	Q	0.76204	0.23786	0.00001	9e-05
36	S	0.76169	0.23795	0.00036	0
37	I	0.75252	0.23795	0.00953	0
38	E	0.75192	0.23795	0.01013	0
39	K	0.74513	0.23795	0.01692	0
40	K	0.72982	0.23795	0.03223	0
41	I	0.00300	0.23795	0.75905	0
42	V	0.00003	0.23795	0.76202	0
43	L	0.00000	0.23795	0.76205	0
44	R	0.00000	0.23795	0.76205	0
45	N	0.00000	0.23795	0.76205	0
46	G	0.00000	0.23795	0.76205	0
47	T	0.00000	0.23795	0.76205	0
48	E	0.00000	0.23795	0.76205	0
49	A	0.00000	0.23795	0.76205	0
50	F	0.00000	0.23795	0.76205	0
51	D	0.00000	0.23795	0.76205	0
52	S	0.00000	0.23795	0.76205	0
53	W	0.00000	0.23795	0.76205	0
54	E	0.00000	0.23795	0.76205	0
55	K	0.00000	0.23795	0.76205	0
56	P	0.00000	0.23796	0.76204	0
57	P	0.00000	0.23815	0.76185	0
58	L	0.00000	0.24336	0.75664	0
59	P	0.00000	0.26167	0.73833	0
60	V	0.00000	0.73521	0.26479	0
61	Y	0.00000	0.99269	0.00731	0
62	T	0.00000	0.99154	0.00846	0
63	Q	0.00000	0.99041	0.00959	0
64	F	0.00000	0.9901	0.00990	0
65	Y	0.00000	0.99004	0.00996	0
66	F	0.00000	0.99002	0.00998	0
67	F	0.00000	0.99002	0.00998	0
68	N	0.00000	0.99002	0.00998	0
69	V	0.00000	0.99002	0.00998	0
70	T	0.00000	0.99002	0.00998	0
71	N	0.00000	0.99002	0.00998	0
72	P	0.00000	0.99002	0.00998	0
73	E	0.00000	0.99002	0.00998	0
74	E	0.00000	0.99002	0.00998	0
75	I	0.00000	0.99002	0.00998	0
76	L	0.00000	0.99002	0.00998	0
77	R	0.00000	0.99002	0.00998	0
78	G	0.00000	0.99002	0.00998	0
79	E	0.00008	0.99002	0.00990	0
80	T	0.00110	0.99002	0.00888	0
81	P	0.00471	0.99002	0.00527	0
82	R	0.00649	0.99002	0.00349	0
83	V	0.00652	0.99002	0.00347	0
84	E	0.00777	0.99002	0.00221	0
85	E	0.00863	0.99002	0.00135	0
86	V	0.00877	0.99002	0.00121	0
87	G	0.00995	0.99002	0.00003	0
88	P	0.00997	0.99002	0.00001	0
89	Y	0.00997	0.99002	0.00001	0
90	T	0.00998	0.99002	0.00000	0
91	Y	0.00998	0.99002	0.00000	0
92	R	0.00998	0.99002	0.00000	0
93	E	0.00995	0.99002	0.00003	0
94	L	0.00994	0.99002	0.00004	0
95	R	0.00993	0.99002	0.00005	0
96	N	0.00902	0.99002	0.00096	0
97	K	0.00850	0.99002	0.00149	0
98	A	0.00215	0.99	0.00785	0
99	N	0.00007	0.99	0.00993	0
100	I	0.00000	0.9875	0.01250	0
101	Q	0.00000	0.98749	0.01251	0
102	F	0.00000	0.98749	0.01251	0
103	G	0.00000	0.98749	0.01251	0
104	D	0.00000	0.98749	0.01251	0
105	N	0.00000	0.98749	0.01251	0
106	G	0.00000	0.98749	0.01251	0
107	T	0.00000	0.98749	0.01251	0
108	T	0.00000	0.98749	0.01251	0
109	I	0.00000	0.98749	0.01251	0
110	S	0.00000	0.98749	0.01251	0
111	A	0.00000	0.98749	0.01251	0
112	V	0.00000	0.98749	0.01251	0
113	S	0.00000	0.98751	0.01249	0
114	N	0.00000	0.98752	0.01248	0
115	K	0.00000	0.98752	0.01248	0
116	A	0.00000	0.98753	0.01247	0
117	Y	0.00000	0.98761	0.01239	0
118	V	0.00000	0.98765	0.01235	0
119	F	0.00003	0.98852	0.01144	0
120	E	0.00066	0.99743	0.00190	0
121	R	0.00189	0.99746	0.00065	0
122	D	0.00242	0.99747	0.00011	0
123	Q	0.00252	0.99747	0.00001	0
124	S	0.00253	0.99747	0.00000	0
125	V	0.00253	0.99747	0.00000	0
126	G	0.00253	0.99747	0.00000	0
127	D	0.00253	0.99747	0.00000	0
128	P	0.00253	0.99747	0.00000	0
129	K	0.00252	0.99745	0.00003	0
130	I	0.00251	0.35571	0.64178	0
131	D	0.00251	0.32391	0.67358	0
132	L	0.00164	0.22577	0.77260	0
133	I	0.00080	0.22423	0.77497	0
134	R	0.00072	0.224	0.77528	0
135	T	0.00069	0.21353	0.78578	0
136	L	0.00050	0.20814	0.79136	0
137	N	0.00044	0.20705	0.79250	0
138	I	0.00033	0.18429	0.81538	0
139	P	0.00029	0.18124	0.81846	0
140	V	0.00001	0.15898	0.84101	0
141	L	0.00000	0.15707	0.84293	0
142	T	0.00000	0.08843	0.91157	0
143	V	0.00000	0.07339	0.92661	0
144	I	0.00000	0.06817	0.93183	0
145	E	0.00000	0.06796	0.93204	0
146	W	0.00000	0.05513	0.94487	0
147	S	0.00000	0.05485	0.94515	0
148	Q	0.00006	0.05474	0.94521	0
149	V	0.01374	0.00066	0.98561	0
150	H	0.01787	0.00066	0.98147	0
151	F	0.02934	0.00066	0.97000	0
152	L	0.56594	0.00071	0.43335	0
153	R	0.69595	0.00235	0.30171	0
154	E	0.72479	0.00246	0.27275	0
155	I	0.76546	0.00247	0.23207	0
156	I	0.76879	0.00249	0.22872	0
157	E	0.79062	0.00274	0.20664	0
158	A	0.79817	0.00276	0.19907	0
159	M	0.79835	0.00277	0.19888	0
160	L	0.79953	0.00281	0.19766	0
161	K	0.80533	0.00316	0.19151	0
162	A	0.80474	0.00317	0.19210	0
163	Y	0.81580	0.00317	0.18103	0
164	Q	0.93059	0.00317	0.06623	0
165	Q	0.93798	0.00317	0.05885	0
166	K	0.93877	0.00317	0.05806	0
167	L	0.45403	0.00314	0.54284	0
168	F	0.30380	0.0031	0.69310	0
169	V	0.28124	0.00309	0.71567	0
170	T	0.26201	0.00309	0.73489	0
171	H	0.22644	0.00309	0.77047	0
172	T	0.21139	0.00309	0.78552	0
173	V	0.20129	0.00309	0.79562	0
174	D	0.19811	0.00309	0.79880	0
175	E	0.19238	0.00309	0.80453	0
176	L	0.09627	0.00309	0.90064	0
177	L	0.05887	0.00309	0.93805	0
178	W	0.05846	0.00309	0.93845	0
179	G	0.05828	0.00309	0.93864	0
180	Y	0.05781	0.00316	0.93903	0
181	K	0.05762	0.00368	0.93870	0
182	D	0.05685	0.00542	0.93773	0
183	E	0.04935	0.00601	0.94464	0
184	I	0.01187	0.00567	0.98245	0
185	L	0.00021	0.00572	0.99407	0
186	S	0.00009	0.00986	0.99006	0
187	L	0.00007	0.01146	0.98847	0
188	I	0.00001	0.08888	0.91112	0
189	H	0.00001	0.36197	0.63802	0
190	V	0.00002	0.42897	0.57101	0
191	F	0.00002	0.51242	0.48756	0
192	R	0.00008	0.77513	0.22479	0
193	P	0.00008	0.78874	0.21118	0
194	D	0.00008	0.79887	0.20104	0
195	I	0.00008	0.80456	0.19535	0
196	S	0.00008	0.86232	0.13760	0
197	P	0.00008	0.88205	0.11786	0
198	Y	0.00006	0.93795	0.06198	0
199	F	0.00002	0.93799	0.06199	0
200	G	0.00002	0.93869	0.06129	0
201	L	0.00001	0.93894	0.06105	0
202	F	0.00001	0.94122	0.05877	0
203	Y	0.00040	0.95209	0.04751	0
204	E	0.00049	0.99281	0.00669	0
205	K	0.00050	0.99888	0.00062	0
206	N	0.00050	0.99927	0.00023	0
207	G	0.00050	0.99935	0.00016	0
208	T	0.00050	0.9994	0.00011	0
209	N	0.00049	0.99942	0.00009	0
210	D	0.00048	0.99942	0.00010	0
211	G	0.00042	0.99939	0.00019	0
212	D	0.00018	0.99938	0.00044	0
213	Y	0.00000	0.99928	0.00071	0
214	V	0.00000	0.99925	0.00075	0
215	F	0.00000	0.99925	0.00075	0
216	L	0.00000	0.99925	0.00075	0
217	T	0.00000	0.99925	0.00075	0
218	G	0.00000	0.99927	0.00073	0
219	E	0.00000	0.99932	0.00068	0
220	D	0.00000	0.99612	0.00388	0
221	S	0.00000	0.97761	0.02239	0
222	Y	0.00000	0.96343	0.03657	0
223	L	0.00000	0.95884	0.04116	0
224	N	0.00000	0.95741	0.04259	0
225	F	0.00000	0.8135	0.18650	0
226	T	0.00000	0.8135	0.18650	0
227	K	0.00000	0.8135	0.18650	0
228	I	0.00000	0.8135	0.18650	0
229	V	0.00000	0.8135	0.18650	0
230	E	0.00000	0.81356	0.18644	0
231	W	0.00000	0.81359	0.18641	0
232	N	0.00011	0.81399	0.18591	0
233	G	0.00012	0.81398	0.18590	0
234	K	0.00012	0.81167	0.18821	0
235	T	0.00012	0.7891	0.21078	0
236	S	0.00012	0.78268	0.21720	0
237	L	0.00012	0.77333	0.22656	0
238	D	0.00012	0.77325	0.22663	0
239	W	0.00013	0.77255	0.22732	0
240	W	0.00013	0.77255	0.22732	0
241	I	0.00057	0.77255	0.22688	0
242	T	0.00650	0.77255	0.22094	0
243	D	0.02162	0.77255	0.20583	0
244	K	0.02901	0.77255	0.19844	0
245	C	0.07216	0.77255	0.15529	0
246	N	0.15824	0.77255	0.06921	0
247	M	0.18361	0.77255	0.04384	0
248	I	0.18592	0.77255	0.04153	0
249	N	0.18592	0.77255	0.04153	0
250	G	0.18592	0.77255	0.04153	0
251	T	0.18591	0.77255	0.04154	0
252	D	0.18591	0.77255	0.04154	0
253	G	0.18589	0.77254	0.04157	0
254	D	0.18589	0.77254	0.04157	0
255	S	0.18592	0.77247	0.04162	0
256	F	0.18785	0.77196	0.04019	0
257	H	0.22720	0.75707	0.01572	0
258	P	0.22714	0.73156	0.04130	0
259	L	0.21790	0.72865	0.05344	0
260	I	0.21513	0.72865	0.05621	0
261	T	0.21491	0.72865	0.05643	0
262	K	0.21383	0.72866	0.05751	0
263	D	0.17336	0.72873	0.09791	0
264	E	0.07190	0.72869	0.19941	0
265	V	0.04154	0.70665	0.25181	0
266	L	0.04145	0.70615	0.25240	0
267	Y	0.04145	0.70522	0.25333	0
268	V	0.04145	0.70515	0.25340	0
269	F	0.04145	0.70515	0.25340	0
270	P	0.04145	0.70516	0.25339	0
271	S	0.04134	0.70516	0.25350	0
272	D	0.04074	0.70518	0.25408	0
273	F	0.01986	0.70475	0.27540	0
274	C	0.00109	0.70473	0.29418	0
275	R	0.00090	0.70443	0.29468	0
276	S	0.00023	0.704	0.29576	0
277	V	0.00002	0.70197	0.29802	0
278	Y	0.00003	0.69968	0.30030	0
279	I	0.00090	0.69977	0.29933	0
280	T	0.02758	0.70975	0.26267	0
281	F	0.02793	0.71006	0.26201	0
282	S	0.04139	0.71785	0.24076	0
283	D	0.04387	0.85912	0.09701	0
284	Y	0.04388	0.86107	0.09505	0
285	E	0.04410	0.88132	0.07458	0
286	S	0.04449	0.88304	0.07247	0
287	V	0.04505	0.88381	0.07114	0
288	Q	0.06607	0.88528	0.04865	0
289	G	0.06675	0.88553	0.04773	0
290	L	0.06685	0.88551	0.04764	0
291	P	0.06721	0.8854	0.04740	0
292	A	0.06724	0.8855	0.04726	0
293	F	0.06726	0.8888	0.04394	0
294	R	0.06744	0.91598	0.01658	0
295	Y	0.06746	0.92122	0.01132	0
296	K	0.06755	0.92648	0.00597	0
297	V	0.06768	0.9266	0.00572	0
298	P	0.07062	0.92678	0.00260	0
299	A	0.07278	0.9268	0.00042	0
300	E	0.07294	0.92679	0.00027	0
301	I	0.07239	0.92628	0.00133	0
302	L	0.07187	0.91443	0.01370	0
303	A	0.07187	0.9144	0.01373	0
304	N	0.07191	0.9144	0.01369	0
305	T	0.07192	0.9142	0.01389	0
306	S	0.07191	0.91419	0.01389	0
307	D	0.07190	0.91416	0.01394	0
308	N	0.07163	0.91409	0.01427	0
309	A	0.06777	0.90836	0.02387	0
310	G	0.06776	0.9038	0.02844	0
311	F	0.06776	0.90284	0.02940	0
312	C	0.06778	0.90267	0.02955	0
313	I	0.06779	0.90207	0.03014	0
314	P	0.06791	0.90208	0.03001	0
315	E	0.06792	0.90144	0.03064	0
316	G	0.06490	0.89381	0.04129	0
317	N	0.06001	0.86543	0.07456	0
318	C	0.01130	0.84691	0.14179	0
319	L	0.01075	0.8203	0.16895	0
320	G	0.01065	0.50688	0.48247	0
321	S	0.00957	0.41926	0.57117	0
322	G	0.00136	0.02858	0.97006	0
323	V	0.00123	0.01248	0.98629	0
324	L	0.00062	0.00422	0.99517	0
325	N	0.00103	0.00031	0.99867	0
326	V	0.00095	0.00033	0.99873	0
327	S	0.00425	0.00052	0.99522	0
328	I	0.00534	0.00073	0.99393	0
329	C	0.00806	0.00313	0.98881	0
330	K	0.01460	0.0041	0.98131	0
331	N	0.01588	0.00412	0.98000	0
332	G	0.01654	0.00413	0.97933	0
333	A	0.01905	0.00413	0.97682	0
334	P	0.02205	0.00414	0.97381	0
335	I	0.02229	0.00416	0.97355	0
336	I	0.02238	0.0042	0.97342	0
337	M	0.02279	0.00428	0.97294	0
338	S	0.02331	0.00537	0.97132	0
339	F	0.02339	0.00611	0.97050	0
340	P	0.03831	0.02151	0.94017	0
341	H	0.03964	0.02992	0.93044	0
342	F	0.04036	0.03379	0.92585	0
343	Y	0.05408	0.04497	0.90095	0
344	Q	0.53646	0.06112	0.40242	0
345	A	0.55680	0.06322	0.37998	0
346	D	0.92638	0.07317	0.00045	0
347	E	0.92680	0.07317	0.00003	0
348	R	0.92682	0.07317	0.00002	0
349	F	0.92682	0.07317	0.00002	0
350	V	0.92682	0.07317	0.00002	0
351	S	0.92683	0.07317	0.00001	0
352	A	0.92683	0.07316	0.00002	0
353	I	0.92683	0.07315	0.00002	0
354	E	0.92683	0.07315	0.00002	0
355	G	0.92683	0.07314	0.00003	0
356	M	0.92683	0.0731	0.00007	0
357	H	0.92683	0.07308	0.00009	0
358	P	0.92683	0.07307	0.00010	0
359	N	0.92683	0.07307	0.00010	0
360	Q	0.92683	0.07306	0.00010	0
361	E	0.92683	0.07306	0.00010	0
362	D	0.92683	0.07306	0.00010	0
363	H	0.92683	0.07254	0.00063	0
364	E	0.92683	0.07254	0.00063	0
365	T	0.92683	0.07252	0.00064	0
366	F	0.92683	0.0725	0.00066	0
367	V	0.92683	0.0725	0.00066	0
368	D	0.92683	0.0725	0.00066	0
369	I	0.92662	0.0725	0.00087	0
370	N	0.92662	0.0725	0.00087	0
371	P	0.92662	0.0725	0.00087	0
372	L	0.92662	0.0725	0.00088	0
373	T	0.92660	0.0725	0.00089	0
374	G	0.92659	0.0725	0.00091	0
375	I	0.92659	0.0725	0.00091	0
376	I	0.92659	0.0725	0.00091	0
377	L	0.92658	0.0725	0.00092	0
378	K	0.92665	0.0725	0.00085	0
379	A	0.92650	0.0725	0.00100	0
380	A	0.92650	0.0725	0.00100	0
381	K	0.92650	0.0725	0.00100	0
382	R	0.92650	0.0725	0.00100	0
383	F	0.92650	0.0725	0.00099	0
384	Q	0.92668	0.0725	0.00082	0
385	I	0.92669	0.0725	0.00081	0
386	N	0.92683	0.0725	0.00067	0
387	I	0.92287	0.0725	0.00463	0
388	Y	0.00122	0.0725	0.92627	0
389	V	0.00119	0.07253	0.92627	0
390	K	0.00122	0.0727	0.92608	0
391	K	0.00122	0.07271	0.92607	0
392	L	0.00122	0.07271	0.92607	0
393	D	0.00122	0.07275	0.92603	0
394	D	0.00122	0.07275	0.92603	0
395	F	0.00120	0.07275	0.92605	0
396	V	0.00120	0.07275	0.92605	0
397	E	0.00120	0.07276	0.92604	0
398	T	0.00115	0.07276	0.92609	0
399	G	0.00114	0.07279	0.92607	0
400	D	0.00114	0.07291	0.92595	0
401	I	0.00020	0.07291	0.92689	0
402	R	0.00010	0.07291	0.92698	0
403	T	0.00010	0.07291	0.92699	0
404	M	0.00009	0.07291	0.92700	0
405	V	0.00009	0.07292	0.92700	0
406	F	0.00009	0.07293	0.92698	0
407	P	0.00009	0.07621	0.92370	0
408	V	0.00009	0.0767	0.92321	0
409	M	0.00009	0.08306	0.91686	0
410	Y	0.00009	0.14049	0.85942	0
411	L	0.00009	0.26527	0.73464	0
412	N	0.00009	0.85062	0.14930	0
413	E	0.00009	0.9937	0.00621	0
414	S	0.00009	0.99763	0.00228	0
415	V	0.00009	0.99836	0.00155	0
416	H	0.00009	0.99867	0.00125	0
417	I	0.00009	0.99872	0.00119	0
418	D	0.00009	0.99888	0.00103	0
419	K	0.00009	0.99907	0.00084	0
420	E	0.00009	0.99929	0.00062	0
421	T	0.00009	0.99926	0.00065	0
422	A	0.00009	0.9876	0.01231	0
423	S	0.00009	0.98666	0.01325	0
424	R	0.00009	0.96872	0.03120	0
425	L	0.00009	0.9234	0.07651	0
426	K	0.00009	0.91631	0.08360	0
427	S	0.00009	0.8535	0.14641	0
428	M	0.00009	0.29427	0.70564	0
429	I	0.00009	0.18182	0.81809	0
430	N	0.00009	0.15118	0.84873	0
431	T	0.00009	0.09627	0.90364	0
432	T	0.00009	0.03939	0.96052	0
433	L	0.00009	0.00447	0.99544	0
434	I	0.00009	0.00014	0.99978	0
435	I	0.00009	5e-05	0.99986	0
436	T	0.00009	3e-05	0.99988	0
437	N	0.00009	2e-05	0.99990	0
438	I	0.00009	0	0.99991	0
439	P	0.00009	0	0.99991	0
440	Y	0.00009	0	0.99991	0
441	I	0.00009	0	0.99991	0
442	I	0.00011	0	0.99989	0
443	M	0.00049	0	0.99951	0
444	A	0.00409	0	0.99591	0
445	L	0.03546	0	0.96454	0
446	G	0.04928	0	0.95072	0
447	V	0.06447	0	0.93553	0
448	F	0.08668	0	0.91332	0
449	F	0.11447	0	0.88553	0
450	G	0.53245	0	0.46755	0
451	L	0.69460	0	0.30540	0
452	V	0.83504	0	0.16496	0
453	F	0.91348	0	0.08652	0
454	T	0.97137	0	0.02863	0
455	W	0.98838	0	0.01162	0
456	L	0.99624	0	0.00376	0
457	A	0.99912	0	0.00088	0
458	C	0.99987	0	0.00013	0
459	K	1.00000	0	0.00000	0
460	G	1.00000	0	0.00000	0
461	Q	1.00000	0	0.00000	0
462	G	1.00000	0	0.00000	0
463	S	1.00000	0	0.00000	0
464	M	1.00000	0	0.00000	0
465	D	1.00000	0	0.00000	0
466	E	1.00000	0	0.00000	0
467	G	1.00000	0	0.00000	0
468	T	1.00000	0	0.00000	0
469	A	1.00000	0	0.00000	0
470	D	1.00000	0	0.00000	0
471	E	1.00000	0	0.00000	0
472	R	1.00000	0	0.00000	0
473	A	1.00000	0	0.00000	0
474	P	1.00000	0	0.00000	0
475	L	1.00000	0	0.00000	0
476	I	1.00000	0	0.00000	0
477	R	1.00000	0	0.00000	0
478	T	1.00000	0	0.00000	0
