# UNNAMED
#pos	aa	i	o	M	S
1	M	0.00000	1	0.00000	0
2	T	0.00000	1	0.00000	0
3	K	0.00000	1	0.00000	0
4	E	0.00000	1	0.00000	0
5	Y	0.00000	1	0.00000	0
6	Q	0.00000	1	0.00000	0
7	D	0.00000	1	0.00000	0
8	L	0.00000	1	0.00000	0
9	Q	0.00000	1	0.00000	0
10	H	0.00000	1	0.00000	0
11	L	0.00000	1	0.00000	0
12	D	0.00000	1	0.00000	0
13	N	0.00000	1	0.00000	0
14	E	0.00000	1	0.00000	0
15	E	0.00000	1	0.00000	0
16	S	0.00000	1	0.00000	0
17	D	0.00000	1	0.00000	0
18	H	0.00000	0.99885	0.00115	0
19	H	0.00000	0.99781	0.00219	0
20	Q	0.00000	0.99778	0.00222	0
21	L	0.00000	0.99775	0.00225	0
22	R	0.00000	0.99774	0.00226	0
23	K	0.00000	0.99738	0.00262	0
24	G	0.00000	0.95857	0.04143	0
25	P	0.00000	0.89238	0.10762	0
26	P	0.00000	0.71201	0.28799	0
27	P	0.00000	0.68476	0.31524	0
28	P	0.00000	0.68428	0.31572	0
29	Q	0.00000	0.68413	0.31587	0
30	P	0.00000	0.68363	0.31637	0
31	L	0.00000	0.68313	0.31687	0
32	L	0.00000	0.6831	0.31690	0
33	Q	0.00000	0.68309	0.31691	0
34	R	0.00000	0.68306	0.31694	0
35	L	0.00000	0.67836	0.32164	0
36	C	0.00017	0.6659	0.33394	0
37	S	0.00174	0.6062	0.39206	0
38	G	0.00205	0.4991	0.49885	0
39	P	0.00225	0.41308	0.58466	0
40	R	0.00225	0.33102	0.66673	0
41	L	0.00183	0.01641	0.98175	0
42	L	0.00070	0.00027	0.99903	0
43	L	0.00172	0	0.99828	0
44	L	0.03559	0	0.96441	0
45	S	0.31153	0	0.68847	0
46	L	0.31280	0	0.68720	0
47	G	0.31351	0	0.68649	0
48	L	0.30435	0	0.69565	0
49	S	0.27350	0	0.72650	0
50	L	0.05171	0	0.94829	0
51	L	0.00768	0	0.99232	0
52	L	0.00148	0	0.99852	0
53	L	0.00070	0	0.99930	0
54	V	0.00063	0	0.99937	0
55	V	0.00057	0	0.99943	0
56	V	0.00197	0	0.99803	0
57	C	0.00973	0	0.99027	0
58	V	0.02888	0	0.97112	0
59	I	0.08665	0	0.91335	0
60	G	0.54196	0	0.45803	0
61	S	0.67171	2e-05	0.32827	0
62	Q	0.68180	2e-05	0.31818	0
63	N	0.67196	0.00185	0.32620	0
64	S	0.66642	0.00202	0.33156	0
65	Q	0.61103	0.00205	0.38692	0
66	L	0.08999	0.00211	0.90790	0
67	Q	0.08217	0.0217	0.89613	0
68	E	0.07379	0.06452	0.86170	0
69	E	0.02544	0.1274	0.84716	0
70	L	0.01178	0.19751	0.79072	0
71	R	0.01147	0.27309	0.71543	0
72	G	0.00803	0.30029	0.69167	0
73	L	0.00312	0.30438	0.69250	0
74	R	0.00309	0.31495	0.68195	0
75	E	0.00210	0.31636	0.68154	0
76	T	0.00070	0.31641	0.68290	0
77	F	0.00000	0.31623	0.68377	0
78	S	0.00000	0.31618	0.68381	0
79	N	0.00000	0.31598	0.68402	0
80	F	0.00000	0.28999	0.71001	0
81	T	0.00000	0.29871	0.70129	0
82	A	0.00000	0.30143	0.69857	0
83	S	0.00000	0.30492	0.69508	0
84	T	0.00000	0.36924	0.63076	0
85	E	0.00000	0.77684	0.22316	0
86	A	0.00000	0.53283	0.46717	0
87	Q	0.00000	0.59075	0.40925	0
88	V	0.00000	0.64095	0.35905	0
89	K	0.00000	0.66895	0.33105	0
90	G	0.00000	0.6696	0.33040	0
91	L	0.00000	0.66186	0.33814	0
92	S	0.00000	0.66753	0.33247	0
93	T	0.00000	0.66825	0.33175	0
94	Q	0.00000	0.66581	0.33419	0
95	G	0.00000	0.66402	0.33598	0
96	G	0.00000	0.41131	0.58869	0
97	N	0.00000	0.35444	0.64556	0
98	V	0.00000	0.04854	0.95146	0
99	G	0.00003	0.01884	0.98113	0
100	R	0.00005	0.01468	0.98527	0
101	K	0.00348	0.01411	0.98241	0
102	M	0.00615	0.01411	0.97975	0
103	K	0.01561	0.01411	0.97028	0
104	S	0.01822	0.01411	0.96767	0
105	L	0.31159	0.01411	0.67429	0
106	E	0.31183	0.01411	0.67406	0
107	S	0.31252	0.01411	0.67337	0
108	Q	0.31524	0.01411	0.67065	0
109	L	0.31552	0.01411	0.67037	0
110	E	0.31745	0.01411	0.66844	0
111	K	0.32639	0.01408	0.65953	0
112	Q	0.32702	0.01382	0.65916	0
113	Q	0.33377	0.01376	0.65247	0
114	K	0.34431	0.01376	0.64193	0
115	D	0.35902	0.01376	0.62722	0
116	L	0.61852	0.01376	0.36772	0
117	S	0.87977	0.01376	0.10648	0
118	E	0.91776	0.01376	0.06849	0
119	D	0.95513	0.00053	0.04434	0
120	H	0.98574	0	0.01425	0
121	S	0.98575	0	0.01425	0
122	S	0.97603	0	0.02397	0
123	L	0.91245	0	0.08755	0
124	L	0.66674	0	0.33326	0
125	L	0.65287	0	0.34713	0
126	H	0.65184	0	0.34816	0
127	V	0.64997	0	0.35003	0
128	K	0.64988	0	0.35012	0
129	Q	0.64598	0	0.35402	0
130	F	0.53640	0	0.46360	0
131	V	0.01376	0	0.98624	0
132	S	0.01221	0	0.98779	0
133	D	0.01038	0	0.98962	0
134	L	0.00749	0	0.99251	0
135	R	0.00741	0	0.99259	0
136	S	0.00673	0	0.99327	0
137	L	0.00450	0	0.99549	0
138	S	0.01702	0	0.98297	0
139	C	0.01397	1e-05	0.98603	0
140	Q	0.01411	1e-05	0.98588	0
141	M	0.01411	1e-05	0.98588	0
142	A	0.01408	5e-05	0.98587	0
143	A	0.01406	0.0005	0.98544	0
144	L	0.01406	0.00521	0.98073	0
145	Q	0.01406	0.31405	0.67190	0
146	G	0.01405	0.33306	0.65289	0
147	N	0.01395	0.3358	0.65025	0
148	G	0.01387	0.33798	0.64815	0
149	S	0.01376	0.37282	0.61342	0
150	E	0.01292	0.91801	0.06907	0
151	R	0.01229	0.96503	0.02268	0
152	T	0.00397	0.97259	0.02343	0
153	C	0.00001	0.97627	0.02373	0
154	C	0.00000	0.97817	0.02183	0
155	P	0.00000	0.97889	0.02111	0
156	V	0.00000	0.97947	0.02053	0
157	N	0.00000	0.97937	0.02063	0
158	W	0.00000	0.97743	0.02257	0
159	V	0.00000	0.97745	0.02255	0
160	E	0.00000	0.98302	0.01698	0
161	H	0.00000	0.98302	0.01698	0
162	E	0.00000	0.98279	0.01721	0
163	R	0.00000	0.9817	0.01830	0
164	S	0.00000	0.90029	0.09971	0
165	C	0.00000	0.15861	0.84139	0
166	Y	0.00000	0.07904	0.92096	0
167	W	0.00000	0.07606	0.92394	0
168	F	0.00000	0.07122	0.92878	0
169	S	0.00000	0.07137	0.92863	0
170	R	0.00000	0.07192	0.92808	0
171	S	0.00000	0.07603	0.92397	0
172	G	0.00000	0.07384	0.92616	0
173	K	0.00000	0.07795	0.92205	0
174	A	0.00000	0.01826	0.98174	0
175	W	0.00000	0.01827	0.98173	0
176	A	0.00000	0.01827	0.98173	0
177	D	0.00025	0.01827	0.98149	0
178	A	0.00088	0.01826	0.98086	0
179	D	0.00174	0.01826	0.98000	0
180	N	0.00181	0.01734	0.98085	0
181	Y	0.00183	0.01388	0.98429	0
182	C	0.00202	0.01388	0.98410	0
183	R	0.00297	0.01386	0.98318	0
184	L	0.00485	0.01384	0.98131	0
185	E	0.49414	0.01382	0.49204	0
186	D	0.87101	0.01364	0.11535	0
187	A	0.88068	0.00089	0.11843	0
188	H	0.91115	0.00034	0.08851	0
189	L	0.91025	0	0.08975	0
190	V	0.91109	0	0.08891	0
191	V	0.91132	0	0.08868	0
192	V	0.91212	0	0.08788	0
193	T	0.91826	0	0.08174	0
194	S	0.91898	0	0.08102	0
195	W	0.92016	0	0.07984	0
196	E	0.97765	0	0.02235	0
197	E	0.98042	0	0.01958	0
198	Q	0.42732	0	0.57268	0
199	K	0.07227	0	0.92773	0
200	F	0.07200	0	0.92800	0
201	V	0.07007	0	0.92993	0
202	Q	0.07406	0	0.92594	0
203	H	0.07407	0	0.92593	0
204	H	0.07408	0	0.92592	0
205	I	0.06070	0	0.93930	0
206	G	0.06065	0	0.93935	0
207	P	0.06266	0	0.93733	0
208	V	0.06050	3e-05	0.93947	0
209	N	0.06654	0.00012	0.93335	0
210	T	0.03309	0.00012	0.96679	0
211	W	0.01403	0.00013	0.98584	0
212	M	0.01403	0.00015	0.98582	0
213	G	0.01403	0.00056	0.98541	0
214	L	0.01403	0.0007	0.98527	0
215	H	0.01403	0.00125	0.98472	0
216	D	0.01403	0.26642	0.71955	0
217	Q	0.01403	0.32057	0.66540	0
218	N	0.01397	0.41627	0.56976	0
219	G	0.01187	0.60994	0.37819	0
220	P	0.00000	0.82646	0.17354	0
221	W	0.00000	0.83857	0.16143	0
222	K	0.00000	0.90918	0.09082	0
223	W	0.00000	0.90965	0.09035	0
224	V	0.00000	0.91027	0.08973	0
225	D	0.00000	0.92482	0.07518	0
226	G	0.00000	0.92518	0.07482	0
227	T	0.00000	0.92654	0.07346	0
228	D	0.00000	0.93349	0.06651	0
229	Y	0.00000	0.93369	0.06631	0
230	E	0.00000	0.93623	0.06377	0
231	T	0.00000	0.93747	0.06253	0
232	G	0.00000	0.94145	0.05855	0
233	F	0.00000	0.94311	0.05689	0
234	K	0.00000	0.98525	0.01475	0
235	N	0.00000	0.98526	0.01474	0
236	W	0.00000	0.9846	0.01540	0
237	R	0.00000	0.98465	0.01535	0
238	P	0.00000	0.98563	0.01437	0
239	E	0.00000	0.99556	0.00444	0
240	Q	0.00000	0.91788	0.08212	0
241	P	0.00000	0.69547	0.30453	0
242	D	0.00000	0.59488	0.40512	0
243	D	0.00000	0.12795	0.87205	0
244	W	0.00000	0.00141	0.99859	0
245	Y	0.00000	0.0001	0.99990	0
246	G	0.00000	9e-05	0.99991	0
247	H	0.00000	8e-05	0.99992	0
248	G	0.00000	8e-05	0.99992	0
249	L	0.00000	0	1.00000	0
250	G	0.00000	0	1.00000	0
251	G	0.00000	0	1.00000	0
252	G	0.00008	0	0.99992	0
253	E	0.00056	0	0.99944	0
254	D	0.00056	0	0.99944	0
255	C	0.00056	0	0.99944	0
256	A	0.00056	0	0.99944	0
257	H	0.00056	0	0.99944	0
258	F	0.00056	0	0.99944	0
259	T	0.00107	0	0.99893	0
260	D	0.03169	0	0.96831	0
261	D	0.09602	0	0.90398	0
262	G	0.13172	0	0.86828	0
263	R	0.99984	0	0.00016	0
264	W	0.99984	0	0.00016	0
265	N	0.99984	0	0.00016	0
266	D	0.99984	0	0.00016	0
267	D	0.99984	0	0.00016	0
268	V	0.99984	0	0.00016	0
269	C	1.00000	0	0.00000	0
270	Q	1.00000	0	0.00000	0
271	R	1.00000	0	0.00000	0
272	P	1.00000	0	0.00000	0
273	Y	1.00000	0	0.00000	0
274	R	1.00000	0	0.00000	0
275	W	1.00000	0	0.00000	0
276	V	1.00000	0	0.00000	0
277	C	1.00000	0	0.00000	0
278	E	1.00000	0	0.00000	0
279	T	1.00000	0	0.00000	0
280	E	1.00000	0	0.00000	0
281	L	1.00000	0	0.00000	0
282	D	1.00000	0	0.00000	0
283	K	1.00000	0	0.00000	0
284	A	1.00000	0	0.00000	0
285	S	1.00000	0	0.00000	0
286	Q	1.00000	0	0.00000	0
287	E	1.00000	0	0.00000	0
288	P	1.00000	0	0.00000	0
289	P	1.00000	0	0.00000	0
290	L	1.00000	0	0.00000	0
291	L	1.00000	0	0.00000	0
