# UNNAMED
#pos	aa	i	o	M	S
1	M	0.00000	1	0.00000	0
2	G	0.00000	1	0.00000	0
3	W	0.00000	1	0.00000	0
4	I	0.00000	0.20126	0.79874	0
5	R	0.00000	0.19225	0.80775	0
6	G	0.00000	0.08789	0.91211	0
7	R	0.00000	0.05466	0.94534	0
8	R	0.00000	0.0517	0.94830	0
9	S	0.00000	0.00119	0.99881	0
10	R	0.00000	0.00069	0.99931	0
11	H	0.00000	5e-05	0.99995	0
12	S	0.00000	1e-05	0.99999	0
13	W	0.00000	1e-05	0.99999	0
14	E	0.00000	1e-05	0.99999	0
15	M	0.00000	1e-05	0.99999	0
16	S	0.00000	1e-05	0.99999	0
17	E	0.00000	0	1.00000	0
18	F	0.00000	0	1.00000	0
19	H	0.00000	0	1.00000	0
20	N	0.00000	0	1.00000	0
21	Y	0.00109	0	0.99891	0
22	N	0.34927	0	0.65073	0
23	L	0.68605	0	0.31395	0
24	D	0.94320	0	0.05680	0
25	L	0.94292	0	0.05708	0
26	K	0.95632	0	0.04368	0
27	K	0.51143	0	0.48857	0
28	S	0.05600	0	0.94400	0
29	D	0.05726	0	0.94274	0
30	F	0.05713	0	0.94287	0
31	S	0.05743	0	0.94257	0
32	T	0.05736	0	0.94264	0
33	R	0.05540	0	0.94460	0
34	W	0.02235	0	0.97765	0
35	Q	0.00082	0	0.99918	0
36	K	0.00076	0	0.99924	0
37	Q	0.00054	0	0.99946	0
38	R	0.00049	0	0.99951	0
39	C	0.00001	0	0.99999	0
40	P	0.00001	0	0.99999	0
41	V	0.00001	0	0.99999	0
42	V	0.00001	4e-05	0.99995	0
43	K	0.00001	0.00039	0.99960	0
44	S	0.00001	0.00113	0.99887	0
45	K	0.00001	0.93897	0.06103	0
46	C	0.00001	0.94232	0.05767	0
47	R	0.00001	0.94241	0.05758	0
48	E	0.00001	0.94256	0.05743	0
49	N	0.00001	0.94256	0.05743	0
50	A	0.00001	0.94256	0.05743	0
51	S	0.00001	0.94256	0.05743	0
52	P	0.00001	0.94487	0.05512	0
53	F	0.00000	0.9514	0.04860	0
54	F	0.00000	0.96147	0.03853	0
55	F	0.00000	0.26634	0.73366	0
56	C	0.00000	0.23756	0.76244	0
57	C	0.00000	0.10377	0.89623	0
58	F	0.00000	0.058	0.94200	0
59	I	0.00000	0.05757	0.94243	0
60	A	0.00000	0.05756	0.94244	0
61	V	0.00000	0.05756	0.94244	0
62	A	0.00000	0.05591	0.94409	0
63	M	0.00000	0.04946	0.95054	0
64	G	0.00000	0.04115	0.95885	0
65	I	0.00000	0.011	0.98900	0
66	R	0.00000	0.00726	0.99274	0
67	F	0.00000	0.00019	0.99981	0
68	I	0.00000	2e-05	0.99998	0
69	I	0.00000	0	1.00000	0
70	M	0.00000	0	1.00000	0
71	V	0.00028	0	0.99972	0
72	T	0.00029	0	0.99971	0
73	I	0.00607	0	0.99393	0
74	W	0.04298	0	0.95701	0
75	S	0.24554	1e-05	0.75445	0
76	A	0.83848	1e-05	0.16151	0
77	V	0.89991	1e-05	0.10008	0
78	F	0.93962	1e-05	0.06038	0
79	L	0.94017	1e-05	0.05982	0
80	N	0.94219	1e-05	0.05780	0
81	S	0.94342	1e-05	0.05658	0
82	L	0.94418	1e-05	0.05581	0
83	F	0.95416	1e-05	0.04583	0
84	N	0.98540	1e-05	0.01460	0
85	Q	0.98557	1e-05	0.01442	0
86	E	0.97197	1e-05	0.02802	0
87	V	0.38797	0	0.61203	0
88	Q	0.33180	0	0.66820	0
89	I	0.06087	0	0.93913	0
90	P	0.06094	0	0.93906	0
91	L	0.06046	0	0.93954	0
92	T	0.06037	0	0.93963	0
93	E	0.05991	0	0.94009	0
94	S	0.05871	0	0.94129	0
95	Y	0.01592	0	0.98408	0
96	C	0.01278	0	0.98722	0
97	G	0.01271	0	0.98729	0
98	P	0.01270	0	0.98730	0
99	C	0.01254	0	0.98746	0
100	P	0.01254	0	0.98746	0
101	K	0.01254	0	0.98746	0
102	N	0.01135	0	0.98865	0
103	W	0.00089	0	0.99911	0
104	I	0.00022	2e-05	0.99977	0
105	C	0.00000	0.02267	0.97733	0
106	Y	0.00001	0.15917	0.84083	0
107	K	0.00001	0.86325	0.13674	0
108	N	0.00001	0.92967	0.07032	0
109	N	0.00001	0.93938	0.06061	0
110	C	0.00001	0.93941	0.06058	0
111	Y	0.00001	0.9395	0.06049	0
112	Q	0.00001	0.9396	0.06040	0
113	F	0.00001	0.93964	0.06035	0
114	F	0.00001	0.94167	0.05833	0
115	D	0.00001	0.98601	0.01399	0
116	E	0.00001	0.98728	0.01272	0
117	S	0.00000	0.97597	0.02403	0
118	K	0.00000	0.9685	0.03150	0
119	N	0.00000	0.60554	0.39446	0
120	W	0.00000	0.20876	0.79124	0
121	Y	0.00000	0.04887	0.95113	0
122	E	0.00000	0.05742	0.94258	0
123	S	0.00000	0.05932	0.94068	0
124	Q	0.00000	0.06039	0.93961	0
125	A	0.00000	0.0605	0.93950	0
126	S	0.00000	0.06054	0.93946	0
127	C	0.00000	0.06023	0.93977	0
128	M	0.00000	0.03135	0.96865	0
129	S	0.00000	0.03132	0.96868	0
130	Q	0.00000	0.03131	0.96869	0
131	N	0.00000	0.01287	0.98713	0
132	A	0.00000	0.01271	0.98729	0
133	S	0.00000	0.01266	0.98734	0
134	L	0.00000	0.01113	0.98887	0
135	L	0.00000	0.00881	0.99119	0
136	K	0.00000	0.00878	0.99122	0
137	V	0.00000	0.00113	0.99887	0
138	Y	0.00013	0.00112	0.99875	0
139	S	0.08472	0.00053	0.91475	0
140	K	0.55748	0.00053	0.44200	0
141	E	0.92827	0.00053	0.07120	0
142	D	0.93865	0.00011	0.06124	0
143	Q	0.93935	0.00011	0.06054	0
144	D	0.93936	0.00011	0.06053	0
145	L	0.93936	1e-05	0.06063	0
146	L	0.93936	1e-05	0.06063	0
147	K	0.93936	1e-05	0.06063	0
148	L	0.92935	0	0.07065	0
149	V	0.93077	0	0.06923	0
150	K	0.95662	0	0.04338	0
151	S	0.96060	0	0.03940	0
152	Y	0.96579	0	0.03421	0
153	H	0.97368	0	0.02632	0
154	W	0.06549	0	0.93451	0
155	M	0.07119	0	0.92881	0
156	G	0.06716	0	0.93284	0
157	L	0.06620	0	0.93380	0
158	V	0.06746	0	0.93254	0
159	H	0.06880	0	0.93120	0
160	I	0.06758	0	0.93242	0
161	P	0.07224	0	0.92776	0
162	T	0.01867	0	0.98133	0
163	N	0.01832	0	0.98168	0
164	G	0.00907	0	0.99093	0
165	S	0.00899	0	0.99101	0
166	W	0.00899	0	0.99100	0
167	Q	0.00906	0.00062	0.99032	0
168	W	0.00907	0.00201	0.98892	0
169	E	0.00907	0.00886	0.98206	0
170	D	0.00907	0.01004	0.98089	0
171	G	0.00012	0.01005	0.98984	0
172	S	0.00011	0.01005	0.98984	0
173	I	0.00010	0.01006	0.98984	0
174	L	0.00010	0.01083	0.98907	0
175	S	0.00008	0.02204	0.97788	0
176	P	0.00004	0.06514	0.93482	0
177	N	0.00001	0.11117	0.88882	0
178	L	0.00000	0.12042	0.87958	0
179	L	0.00000	0.16126	0.83874	0
180	T	0.00000	0.28603	0.71397	0
181	I	0.00000	0.34559	0.65441	0
182	I	0.00000	0.58129	0.41871	0
183	E	0.00000	0.9486	0.05140	0
184	M	0.00000	0.95509	0.04491	0
185	Q	0.00000	0.98565	0.01435	0
186	K	0.00000	0.99061	0.00939	0
187	G	0.00000	0.99026	0.00974	0
188	D	0.00000	0.97374	0.02626	0
189	C	0.00000	0.4427	0.55730	0
190	A	0.00000	0.13121	0.86879	0
191	L	0.00000	0.10765	0.89235	0
192	Y	0.00000	0.10432	0.89568	0
193	A	0.00000	0.00432	0.99568	0
194	S	0.00000	0.00444	0.99556	0
195	S	0.00000	0.00212	0.99788	0
196	F	0.00001	5e-05	0.99995	0
197	K	0.00021	1e-05	0.99978	0
198	G	0.00021	0	0.99979	0
199	Y	0.00021	0	0.99979	0
200	I	0.00021	0	0.99979	0
201	E	0.00021	0	0.99979	0
202	N	0.00021	0	0.99979	0
203	C	0.00021	0	0.99979	0
204	S	0.00021	0	0.99979	0
205	T	0.00021	0	0.99979	0
206	P	0.00021	0	0.99979	0
207	N	0.00023	0	0.99977	0
208	T	0.00031	0	0.99969	0
209	Y	0.00075	0	0.99925	0
210	I	0.01083	0	0.98917	0
211	C	0.07196	0	0.92804	0
212	M	0.25082	0	0.74918	0
213	Q	0.96455	0	0.03545	0
214	R	0.99999	0	0.00001	0
215	T	0.99999	0	0.00001	0
216	V	1.00000	0	0.00000	0
