# UNNAMED
#pos	aa	i	o	M	S
1	M	0.00000	0.00019	0.00000	0.99981
2	G	0.00000	0.00019	0.00000	0.99982
3	P	0.00000	0.00019	0.00000	0.99982
4	G	0.00000	0.00019	0.00000	0.99981
5	R	0.00000	0.00018	0.00000	0.99981
6	C	0.00000	0.00016	0.00002	0.99982
7	L	0.00000	5e-05	0.00013	0.99981
8	L	0.00000	3e-05	0.00015	0.99982
9	T	0.00000	3e-05	0.00016	0.99982
10	A	0.00000	3e-05	0.00016	0.99981
11	L	0.00000	3e-05	0.00016	0.99981
12	L	0.00000	3e-05	0.00016	0.99981
13	L	0.00000	3e-05	0.00016	0.99982
14	L	0.00000	3e-05	0.00016	0.99982
15	A	0.00000	3e-05	0.00016	0.99981
16	L	0.00000	3e-05	0.00016	0.99981
17	A	0.00000	3e-05	0.00016	0.99981
18	P	0.00000	3e-05	0.00016	0.99981
19	P	0.00000	4e-05	0.00016	0.99981
20	P	0.00000	4e-05	0.00016	0.9998
21	E	0.00000	4e-05	0.00016	0.99981
22	A	0.00000	9e-05	0.00016	0.99976
23	S	0.00000	0.00102	0.00016	0.99882
24	Q	0.00000	0.00151	0.00016	0.99833
25	Y	0.00000	0.99972	0.00016	0.00012
26	C	0.00000	0.99972	0.00015	0.00012
27	G	0.00009	0.99973	0.00007	0.00011
28	R	0.00014	0.99974	0.00002	0.0001
29	L	0.00015	0.99961	0.00015	9e-05
30	E	0.00016	0.99963	0.00021	0
31	Y	0.00016	0.99963	0.00021	0
32	W	0.00016	0.99963	0.00021	0
33	N	0.00016	0.99963	0.00021	0
34	P	0.00016	0.99963	0.00021	0
35	D	0.00000	0.99963	0.00036	0
36	N	0.00000	0.99963	0.00037	0
37	K	0.00000	0.99963	0.00037	0
38	C	0.00000	0.99963	0.00037	0
39	C	0.00000	0.99963	0.00037	0
40	S	0.00000	0.99963	0.00037	0
41	S	0.00000	0.99963	0.00037	0
42	C	0.00000	0.99963	0.00037	0
43	L	0.00000	0.99963	0.00037	0
44	Q	0.00000	0.99963	0.00037	0
45	R	0.00000	0.99963	0.00037	0
46	F	0.00000	0.99835	0.00165	0
47	G	0.00003	0.9983	0.00167	0
48	P	0.00018	0.99794	0.00188	0
49	P	0.00021	0.99794	0.00185	0
50	P	0.00021	0.99794	0.00185	0
51	C	0.00021	0.99794	0.00185	0
52	P	0.00021	0.99794	0.00185	0
53	D	0.00021	0.9981	0.00170	0
54	Y	0.00020	0.35344	0.64636	0
55	E	0.00016	0.34998	0.64986	0
56	F	0.00005	0.3481	0.65185	0
57	R	0.00005	0.34805	0.65190	0
58	E	0.00001	0.34775	0.65224	0
59	N	0.00000	0.34765	0.65235	0
60	C	0.00000	0.34765	0.65235	0
61	G	0.00000	0.34765	0.65235	0
62	L	0.00000	0.34765	0.65235	0
63	N	0.00000	0.34765	0.65235	0
64	D	0.00000	0.34765	0.65235	0
65	H	0.00000	0.34765	0.65235	0
66	G	0.00001	0.34765	0.65234	0
67	D	0.00003	0.34765	0.65232	0
68	F	0.00003	0.34765	0.65233	0
69	V	0.00013	0.34764	0.65223	0
70	T	0.00165	0.34764	0.65071	0
71	P	0.00188	0.34763	0.65050	0
72	P	0.01580	0.34762	0.63657	0
73	F	0.03783	0.34762	0.61455	0
74	R	0.58608	0.34767	0.06625	0
75	K	0.63414	0.34771	0.01814	0
76	C	0.63791	0.34772	0.01437	0
77	S	0.64980	0.34764	0.00256	0
78	S	0.65193	0.34763	0.00044	0
79	G	0.65203	0.34753	0.00045	0
80	Q	0.65202	0.34753	0.00045	0
81	C	0.65201	0.34753	0.00046	0
82	N	0.65201	0.34753	0.00046	0
83	P	0.65201	0.34753	0.00046	0
84	D	0.37545	0.34753	0.27703	0
85	G	0.02557	0.25931	0.71512	0
86	A	0.00000	0.21689	0.78311	0
87	E	0.00000	0.15452	0.84548	0
88	L	0.00000	0.08624	0.91376	0
89	C	0.00000	0.0816	0.91840	0
90	S	0.00000	0.07556	0.92444	0
91	P	0.00001	0.07202	0.92796	0
92	C	0.00001	0.06947	0.93052	0
93	G	0.00002	0.06585	0.93412	0
94	G	0.00003	0.06382	0.93615	0
95	G	0.00003	0.0598	0.94016	0
96	A	0.00004	0.05711	0.94286	0
97	V	0.00006	0.05627	0.94367	0
98	T	0.00013	0.05628	0.94359	0
99	P	0.00025	0.05629	0.94346	0
100	T	0.00029	0.0563	0.94341	0
101	P	0.00031	0.05631	0.94337	0
102	A	0.00026	0.06015	0.93959	0
103	A	0.00026	0.11648	0.88326	0
104	G	0.00075	0.70404	0.29521	0
105	G	0.00679	0.70547	0.28774	0
106	G	0.04387	0.70834	0.24779	0
107	R	0.20644	0.70834	0.08523	0
108	T	0.23516	0.70833	0.05651	0
109	P	0.25123	0.70833	0.04044	0
110	W	0.25423	0.70833	0.03744	0
111	R	0.27529	0.70833	0.01638	0
112	C	0.28029	0.70833	0.01138	0
113	R	0.28174	0.70833	0.00993	0
114	E	0.28321	0.70833	0.00846	0
115	R	0.29056	0.70821	0.00123	0
116	P	0.29082	0.70791	0.00127	0
117	V	0.29047	0.69387	0.01565	0
118	P	0.29070	0.62683	0.08246	0
119	A	0.01376	0.53498	0.45125	0
120	K	0.01380	0.49684	0.48936	0
121	G	0.01371	0.08286	0.90344	0
122	H	0.01363	0.0645	0.92186	0
123	C	0.01363	0.06361	0.92276	0
124	P	0.01364	0.0601	0.92626	0
125	L	0.00906	0.05912	0.93182	0
126	T	0.00906	0.05662	0.93432	0
127	P	0.00907	0.05583	0.93510	0
128	G	0.00841	0.0543	0.93729	0
129	N	0.00841	0.04808	0.94351	0
130	P	0.00841	0.02157	0.97002	0
131	G	0.00819	0.01322	0.97859	0
132	A	0.00810	0.00916	0.98274	0
133	P	0.00809	0.0091	0.98280	0
134	S	0.00016	0.00908	0.99076	0
135	S	0.00000	0.00947	0.99053	0
136	Q	0.00000	0.01228	0.98772	0
137	E	0.00000	0.11419	0.88581	0
138	R	0.00000	0.2855	0.71450	0
139	S	0.00090	0.28562	0.71348	0
140	S	0.01231	0.28585	0.70184	0
141	P	0.64391	0.28615	0.06994	0
142	A	0.64391	0.28626	0.06983	0
143	S	0.64391	0.28643	0.06966	0
144	S	0.64391	0.28648	0.06961	0
145	I	0.64391	0.28663	0.06946	0
146	A	0.64392	0.29141	0.06466	0
147	W	0.64427	0.29142	0.06430	0
148	R	0.64863	0.29149	0.05987	0
149	T	0.65412	0.29158	0.05431	0
150	P	0.69157	0.29178	0.01665	0
151	E	0.69816	0.29217	0.00968	0
152	P	0.69969	0.2932	0.00711	0
153	V	0.69970	0.29421	0.00609	0
154	P	0.69970	0.29869	0.00161	0
155	Q	0.69970	0.30023	0.00007	0
156	Q	0.69970	0.30022	0.00008	0
157	A	0.69937	0.3002	0.00042	0
158	W	0.69798	0.30019	0.00183	0
159	P	0.69730	0.30016	0.00254	0
160	N	0.64351	0.2997	0.05679	0
161	F	0.22850	0.18466	0.58684	0
162	L	0.15326	0.14256	0.70418	0
163	P	0.14192	0.13673	0.72135	0
164	L	0.00951	0.01154	0.97895	0
165	V	0.00095	0.00071	0.99834	0
166	V	0.00010	3e-05	0.99987	0
167	L	0.00000	0	1.00000	0
168	V	0.00000	0	1.00000	0
169	L	0.00000	0	1.00000	0
170	L	0.00000	0	1.00000	0
171	L	0.00000	0	1.00000	0
172	T	0.00001	0	0.99999	0
173	L	0.00001	0	0.99999	0
174	A	0.00001	0	0.99999	0
175	V	0.00001	0	0.99999	0
176	I	0.00000	0	1.00000	0
177	A	0.00000	0	1.00000	0
178	I	0.00001	1e-05	0.99998	0
179	L	0.00002	7e-05	0.99991	0
180	L	0.00048	0.00032	0.99920	0
181	F	0.00225	0.0031	0.99464	0
182	I	0.01165	0.0293	0.95906	0
183	L	0.04922	0.08804	0.86274	0
184	L	0.17504	0.25169	0.57327	0
185	W	0.24852	0.53166	0.21982	0
186	H	0.28688	0.67381	0.03931	0
187	L	0.29996	0.68456	0.01548	0
188	C	0.30022	0.69933	0.00045	0
189	W	0.30023	0.69967	0.00009	0
190	P	0.30025	0.69974	0.00001	0
191	K	0.30025	0.69974	0.00001	0
192	E	0.30025	0.69974	0.00001	0
193	K	0.30025	0.69974	0.00001	0
194	A	0.30020	0.69974	0.00005	0
195	D	0.30008	0.69973	0.00019	0
196	P	0.29983	0.69844	0.00173	0
197	Y	0.29657	0.69207	0.01136	0
198	P	0.29092	0.68934	0.01974	0
199	Y	0.21608	0.64461	0.13931	0
200	P	0.20033	0.64427	0.15540	0
201	G	0.10943	0.64402	0.24655	0
202	L	0.00121	0.64344	0.35535	0
203	V	0.00006	0.64341	0.35654	0
204	C	0.00000	0.6434	0.35660	0
205	G	0.00000	0.64316	0.35684	0
206	V	0.00000	0.64306	0.35694	0
207	P	0.00000	0.64285	0.35715	0
208	N	0.00000	0.64277	0.35723	0
209	T	0.00000	0.64192	0.35808	0
210	H	0.00000	0.64154	0.35846	0
211	T	0.00000	0.64104	0.35896	0
212	P	0.00000	0.64084	0.35916	0
213	S	0.00000	0.63794	0.36206	0
214	S	0.00000	0.63366	0.36634	0
215	S	0.00000	0.61903	0.38097	0
216	H	0.00000	0.61387	0.38613	0
217	L	0.00000	0.6137	0.38630	0
218	S	0.00621	0.62209	0.37170	0
219	S	0.04802	0.64833	0.30366	0
220	P	0.05540	0.70386	0.24074	0
221	G	0.05556	0.78904	0.15540	0
222	A	0.05557	0.78672	0.15771	0
223	L	0.05558	0.8073	0.13711	0
224	E	0.05582	0.89918	0.04500	0
225	T	0.05585	0.90067	0.04348	0
226	G	0.05607	0.90108	0.04285	0
227	D	0.05650	0.90112	0.04238	0
228	T	0.05652	0.90009	0.04338	0
229	W	0.05656	0.90003	0.04341	0
230	K	0.05696	0.89995	0.04309	0
231	E	0.05602	0.43808	0.50590	0
232	A	0.05506	0.39162	0.55332	0
233	S	0.04641	0.38556	0.56802	0
234	L	0.00760	0.31881	0.67360	0
235	L	0.00623	0.26353	0.73024	0
236	P	0.00559	0.25316	0.74125	0
237	L	0.00495	0.25313	0.74192	0
238	L	0.00611	0.25298	0.74091	0
239	S	0.02654	0.25296	0.72050	0
240	R	0.03131	0.25296	0.71573	0
241	E	0.03172	0.25285	0.71543	0
242	L	0.03206	0.18849	0.77945	0
243	S	0.03575	0.18099	0.78326	0
244	S	0.03844	0.01402	0.94754	0
245	L	0.04254	0.01282	0.94465	0
246	A	0.04294	0.00975	0.94731	0
247	S	0.04334	0.0005	0.95616	0
248	Q	0.04306	0.00049	0.95645	0
249	P	0.04203	0.00049	0.95748	0
250	L	0.04179	4e-05	0.95817	0
251	S	0.04191	0.00093	0.95717	0
252	R	0.04205	0.00203	0.95592	0
253	L	0.04221	0.00237	0.95542	0
254	L	0.04714	0.00493	0.94792	0
255	D	0.63026	0.05494	0.31480	0
256	E	0.66583	0.05527	0.27890	0
257	L	0.68100	0.05534	0.26366	0
258	E	0.68443	0.0553	0.26027	0
259	V	0.68464	0.05463	0.26072	0
260	L	0.68592	0.05443	0.25965	0
261	E	0.68986	0.05439	0.25575	0
262	E	0.68993	0.05428	0.25579	0
263	L	0.67901	0.0538	0.26719	0
264	I	0.67907	0.05379	0.26714	0
265	V	0.67997	0.05379	0.26624	0
266	L	0.68760	0.05379	0.25860	0
267	L	0.73188	0.05382	0.21430	0
268	D	0.92746	0.05533	0.01721	0
269	P	0.93128	0.05538	0.01333	0
270	E	0.93173	0.05545	0.01281	0
271	P	0.93186	0.05546	0.01268	0
272	G	0.93191	0.05546	0.01264	0
273	P	0.93196	0.05546	0.01258	0
274	G	0.93196	0.05545	0.01259	0
275	G	0.93197	0.05541	0.01261	0
276	G	0.93197	0.0554	0.01262	0
277	M	0.93198	0.05535	0.01267	0
278	A	0.93198	0.05248	0.01554	0
279	H	0.93196	0.04871	0.01933	0
280	G	0.93200	0.04849	0.01951	0
281	T	0.93249	0.0473	0.02021	0
282	T	0.93265	0.05408	0.01327	0
283	R	0.92012	0.01724	0.06264	0
284	H	0.80762	0.00578	0.18660	0
285	L	0.00143	0.00071	0.99786	0
286	A	0.00143	0.0008	0.99777	0
287	A	0.00146	0.00109	0.99744	0
288	R	0.00164	0.00181	0.99655	0
289	Y	0.00164	0.00181	0.99655	0
290	G	0.00164	0.00181	0.99655	0
291	L	0.00164	0.00181	0.99655	0
292	P	0.00163	0.00181	0.99656	0
293	A	0.00162	0.00181	0.99657	0
294	A	0.00161	0.00181	0.99658	0
295	W	0.00159	0.00181	0.99660	0
296	S	0.00159	0.00181	0.99660	0
297	T	0.00159	0.00181	0.99660	0
298	F	0.00159	0.00181	0.99660	0
299	A	0.00163	0.00181	0.99656	0
300	Y	0.00172	0.00181	0.99647	0
301	S	0.00260	0.00183	0.99557	0
302	L	0.00344	0.00217	0.99440	0
303	R	0.03668	0.10283	0.86049	0
304	P	0.05766	0.2777	0.66464	0
305	S	0.06529	0.66209	0.27262	0
306	R	0.06616	0.87921	0.05463	0
307	S	0.06616	0.91295	0.02089	0
308	P	0.06616	0.93227	0.00157	0
309	L	0.06579	0.92524	0.00897	0
310	R	0.06579	0.9038	0.03041	0
311	A	0.06579	0.60136	0.33286	0
312	L	0.06579	0.24904	0.68517	0
313	I	0.06579	0.17028	0.76393	0
314	E	0.06579	0.16649	0.76772	0
315	M	0.01039	0.0317	0.95792	0
316	V	0.01039	0.00027	0.98934	0
317	V	0.01039	0	0.98961	0
318	A	0.01039	0	0.98961	0
319	R	0.01039	0	0.98961	0
320	E	0.01039	0	0.98961	0
321	P	0.01039	0	0.98961	0
322	S	0.01039	0	0.98961	0
323	A	0.01039	0	0.98961	0
324	S	0.01039	0	0.98961	0
325	L	0.01039	0	0.98961	0
326	G	0.01039	0	0.98961	0
327	Q	0.01039	0	0.98961	0
328	L	0.01039	1e-05	0.98961	0
329	G	0.01044	9e-05	0.98947	0
330	T	0.01250	0.00022	0.98728	0
331	H	0.01481	0.00032	0.98488	0
332	L	0.03204	0.00035	0.96761	0
333	A	0.64894	0.00398	0.34708	0
334	Q	0.84318	0.02242	0.13440	0
335	L	0.85655	0.03679	0.10666	0
336	G	0.89320	0.0404	0.06640	0
337	R	0.94422	0.01665	0.03913	0
338	A	0.94422	0	0.05578	0
339	D	0.94422	0	0.05578	0
340	A	0.94422	0	0.05578	0
341	L	0.94422	0	0.05578	0
342	R	0.94422	0	0.05578	0
343	V	0.94422	0	0.05578	0
344	L	0.94422	0	0.05578	0
345	S	0.94422	0	0.05578	0
346	K	0.94422	0	0.05578	0
347	L	0.94422	0	0.05578	0
348	G	0.94422	0	0.05578	0
349	S	0.94422	0	0.05578	0
350	S	0.94422	0	0.05578	0
351	G	0.94422	0	0.05578	0
352	V	0.94422	0	0.05578	0
353	C	0.94423	0	0.05577	0
354	W	0.94441	0	0.05559	0
355	A	1.00000	0	0.00000	0
