# UNNAMED
#pos	aa	i	o	M	S
1	M	0.00000	1	0.00000	0
2	E	0.00000	1	0.00000	0
3	Q	0.00000	1	0.00000	0
4	W	0.00000	1	0.00000	0
5	D	0.00000	1	0.00000	0
6	H	0.00000	1	0.00000	0
7	F	0.00000	1	0.00000	0
8	H	0.00000	1	0.00000	0
9	N	0.00000	1	0.00000	0
10	Q	0.00000	1	0.00000	0
11	Q	0.00000	1	0.00000	0
12	E	0.00000	1	0.00000	0
13	D	0.00000	1	0.00000	0
14	T	0.00000	1	0.00000	0
15	D	0.00000	1	0.00000	0
16	S	0.00000	1	0.00000	0
17	C	0.00000	1	0.00000	0
18	S	0.00000	1	0.00000	0
19	E	0.00000	1	0.00000	0
20	S	0.00000	1	0.00000	0
21	V	0.00000	1	0.00000	0
22	K	0.00000	1	0.00000	0
23	F	0.00000	1	0.00000	0
24	D	0.00000	1	0.00000	0
25	A	0.00000	1	0.00000	0
26	R	0.00000	1	0.00000	0
27	S	0.00000	1	0.00000	0
28	M	0.00000	1	0.00000	0
29	T	0.00000	1	0.00000	0
30	A	0.00000	1	0.00000	0
31	L	0.00000	1	0.00000	0
32	L	0.00000	1	0.00000	0
33	P	0.00000	1	0.00000	0
34	P	0.00000	1	0.00000	0
35	N	0.00000	1	0.00000	0
36	P	0.00000	1	0.00000	0
37	K	0.00000	1	0.00000	0
38	N	0.00000	1	0.00000	0
39	S	0.00000	1	0.00000	0
40	P	0.00000	1	0.00000	0
41	S	0.00000	1	0.00000	0
42	L	0.00000	1	0.00000	0
43	Q	0.00000	1	0.00000	0
44	E	0.00000	1	0.00000	0
45	K	0.00000	1	0.00000	0
46	L	0.00000	0.99996	0.00004	0
47	K	0.00000	0.99994	0.00006	0
48	S	0.00000	0.99855	0.00145	0
49	F	0.00000	0.99469	0.00531	0
50	K	0.00000	0.99249	0.00751	0
51	A	0.00000	0.92055	0.07945	0
52	A	0.00000	0.89236	0.10764	0
53	L	0.00000	0.28984	0.71016	0
54	I	0.00000	0.19234	0.80766	0
55	A	0.00000	0.1894	0.81060	0
56	L	0.00000	0.18854	0.81146	0
57	Y	0.00000	0.18825	0.81175	0
58	L	0.00000	0.18823	0.81177	0
59	L	0.00000	0.18823	0.81177	0
60	V	0.00000	0.18823	0.81177	0
61	F	0.00000	0.18823	0.81177	0
62	A	0.00000	0.18823	0.81177	0
63	V	0.00000	0.18823	0.81177	0
64	L	0.00000	0.18823	0.81177	0
65	I	0.00000	0.18823	0.81177	0
66	P	0.00000	0.18823	0.81177	0
67	L	0.00000	0.18823	0.81177	0
68	I	0.00000	0.18823	0.81177	0
69	G	0.00004	0.18823	0.81173	0
70	I	0.00012	0.18823	0.81165	0
71	V	0.00228	0.18823	0.80949	0
72	A	0.06731	0.18823	0.74446	0
73	A	0.34216	0.18823	0.46961	0
74	Q	0.71023	0.18823	0.10154	0
75	L	0.74879	0.18823	0.06298	0
76	L	0.78417	0.18823	0.02760	0
77	K	0.81113	0.18823	0.00064	0
78	W	0.80940	0.18823	0.00237	0
79	E	0.80461	0.18823	0.00717	0
80	T	0.78582	0.18823	0.02595	0
81	K	0.68483	0.18823	0.12694	0
82	N	0.07562	0.18823	0.73616	0
83	C	0.01744	0.18823	0.79433	0
84	S	0.01476	0.18823	0.79701	0
85	V	0.00340	0.18823	0.80837	0
86	S	0.00327	0.18823	0.80850	0
87	S	0.00301	0.18823	0.80877	0
88	T	0.00289	0.18823	0.80888	0
89	N	0.00119	0.18823	0.81058	0
90	A	0.00096	0.18823	0.81081	0
91	N	0.00021	0.18823	0.81156	0
92	D	0.00017	0.18823	0.81161	0
93	I	0.00000	0.18823	0.81177	0
94	T	0.00000	0.18823	0.81177	0
95	Q	0.00000	0.18823	0.81177	0
96	S	0.00000	0.18823	0.81177	0
97	L	0.00000	0.18824	0.81176	0
98	T	0.00000	0.19043	0.80957	0
99	G	0.00000	0.19601	0.80399	0
100	K	0.00000	0.27657	0.72343	0
101	G	0.00000	0.31336	0.68664	0
102	N	0.00000	0.82574	0.17426	0
103	D	0.00000	0.9711	0.02890	0
104	S	0.00000	0.99322	0.00678	0
105	E	0.00000	0.99688	0.00312	0
106	E	0.00000	0.99691	0.00309	0
107	E	0.00000	0.99691	0.00309	0
108	M	0.00000	0.99691	0.00309	0
109	R	0.00000	0.99703	0.00297	0
110	F	0.00000	0.99721	0.00279	0
111	Q	0.00000	0.99841	0.00159	0
112	E	0.00000	0.99914	0.00086	0
113	V	0.00000	0.9992	0.00080	0
114	F	0.00000	0.99928	0.00072	0
115	M	0.00000	0.99952	0.00048	0
116	E	0.00000	1	0.00000	0
117	H	0.00000	1	0.00000	0
118	M	0.00000	1	0.00000	0
119	S	0.00000	1	0.00000	0
120	N	0.00000	1	0.00000	0
121	M	0.00000	1	0.00000	0
122	E	0.00000	1	0.00000	0
123	K	0.00000	0.96218	0.03782	0
124	R	0.00000	0.91856	0.08144	0
125	I	0.00000	0.91795	0.08205	0
126	Q	0.00000	0.83649	0.16351	0
127	H	0.00000	0.48902	0.51098	0
128	I	0.00000	0.48902	0.51098	0
129	L	0.00000	0.48902	0.51098	0
130	D	0.00000	0.48902	0.51098	0
131	M	0.00000	0.48902	0.51098	0
132	E	0.00000	0.48902	0.51098	0
133	A	0.00000	0.20475	0.79525	0
134	N	0.00000	0.18943	0.81057	0
135	L	0.00000	0.18943	0.81057	0
136	M	0.00000	0.18943	0.81057	0
137	D	0.00000	0.18943	0.81057	0
138	T	0.00000	0.18943	0.81057	0
139	E	0.00000	0.18943	0.81057	0
140	H	0.00000	0.18941	0.81059	0
141	F	0.00009	0.18941	0.81050	0
142	Q	0.07724	0.18941	0.73335	0
143	N	0.07948	0.18941	0.73111	0
144	F	0.08139	0.18941	0.72921	0
145	S	0.08144	0.18941	0.72915	0
146	M	0.08148	0.1894	0.72912	0
147	T	0.08162	0.18923	0.72915	0
148	T	0.08164	0.18902	0.72934	0
149	D	0.08175	0.18902	0.72923	0
150	Q	0.08198	0.18889	0.72914	0
151	R	0.08650	0.18884	0.72466	0
152	F	0.13320	0.18883	0.67797	0
153	N	0.53347	0.18883	0.27770	0
154	D	0.78233	0.18867	0.02900	0
155	I	0.72779	0.00094	0.27127	0
156	L	0.72940	0.00018	0.27042	0
157	L	0.72940	0.00017	0.27043	0
158	Q	0.72940	0.00017	0.27043	0
159	L	0.72940	0.00017	0.27043	0
160	S	0.72940	0.00017	0.27043	0
161	T	0.72937	0.00017	0.27046	0
162	L	0.72921	0.00017	0.27062	0
163	F	0.72919	0.00017	0.27063	0
164	S	0.72919	0.00017	0.27063	0
165	S	0.72910	0.00017	0.27073	0
166	V	0.72835	0.00016	0.27148	0
167	Q	0.72812	0.00016	0.27171	0
168	G	0.70403	0.00016	0.29581	0
169	H	0.61852	0.00016	0.38132	0
170	G	0.57335	2e-05	0.42663	0
171	N	0.53205	2e-05	0.46793	0
172	A	0.12481	2e-05	0.87517	0
173	I	0.07764	0.00013	0.92223	0
174	D	0.24224	0.08071	0.67705	0
175	E	0.21007	0.08091	0.70902	0
176	I	0.18921	0.08095	0.72984	0
177	S	0.18925	0.08113	0.72963	0
178	K	0.18927	0.08117	0.72957	0
179	S	0.18798	0.08116	0.73085	0
180	L	0.03245	0.08116	0.88638	0
181	I	0.00813	0.08117	0.91070	0
182	S	0.00719	0.0812	0.91161	0
183	L	0.00121	0.08124	0.91755	0
184	N	0.00061	0.08138	0.91802	0
185	T	0.00058	0.0814	0.91802	0
186	T	0.00051	0.08143	0.91806	0
187	L	0.00025	0.08148	0.91827	0
188	L	0.00015	0.08475	0.91510	0
189	D	0.00015	0.21276	0.78709	0
190	L	0.00005	0.21422	0.78573	0
191	Q	0.00004	0.24146	0.75849	0
192	L	0.00005	0.26171	0.73824	0
193	N	0.00013	0.47822	0.52165	0
194	I	0.00016	0.50988	0.48996	0
195	E	0.00016	0.79323	0.20662	0
196	N	0.00016	0.804	0.19584	0
197	L	0.00016	0.80514	0.19471	0
198	N	0.00017	0.81294	0.18689	0
199	G	0.00017	0.81963	0.18020	0
200	K	0.00017	0.83192	0.16791	0
201	I	0.00017	0.84032	0.15951	0
202	Q	0.00017	0.93284	0.06699	0
203	E	0.00017	0.99125	0.00858	0
204	N	0.00017	0.99904	0.00079	0
205	T	0.00017	0.99925	0.00058	0
206	F	0.00017	0.99926	0.00057	0
207	K	0.00017	0.99966	0.00017	0
208	Q	0.00017	0.99968	0.00015	0
209	Q	0.00017	0.99971	0.00012	0
210	E	0.00011	0.99978	0.00012	0
211	E	0.00006	0.99979	0.00015	0
212	I	0.00003	0.99979	0.00018	0
213	S	0.00003	0.99981	0.00016	0
214	K	0.00003	0.99982	0.00015	0
215	L	0.00002	0.99982	0.00016	0
216	E	0.00002	0.99982	0.00016	0
217	E	0.00001	0.99983	0.00016	0
218	R	0.00000	0.83799	0.16201	0
219	V	0.00000	0.81377	0.18623	0
220	Y	0.00000	0.81201	0.18799	0
221	N	0.00000	0.81201	0.18799	0
222	V	0.00000	0.81201	0.18799	0
223	S	0.00000	0.81201	0.18799	0
224	A	0.00000	0.81201	0.18799	0
225	E	0.00000	0.81201	0.18799	0
226	I	0.00000	0.8116	0.18840	0
227	M	0.00000	0.8116	0.18840	0
228	A	0.00000	0.8116	0.18840	0
229	M	0.00000	0.8116	0.18840	0
230	K	0.00000	0.81171	0.18829	0
231	E	0.00000	0.81173	0.18827	0
232	E	0.00000	0.81174	0.18826	0
233	Q	0.00000	0.81174	0.18826	0
234	V	0.00000	0.81173	0.18826	0
235	H	0.00000	0.81174	0.18826	0
236	L	0.00004	0.81174	0.18823	0
237	E	0.00073	0.81176	0.18752	0
238	Q	0.01484	0.81176	0.17340	0
239	E	0.01593	0.81176	0.17231	0
240	I	0.14530	0.81176	0.04294	0
241	K	0.16195	0.81176	0.02629	0
242	G	0.18514	0.81176	0.00310	0
243	E	0.18663	0.81176	0.00161	0
244	V	0.18776	0.81176	0.00048	0
245	K	0.18783	0.81176	0.00041	0
246	V	0.18797	0.81176	0.00027	0
247	L	0.18799	0.81176	0.00025	0
248	N	0.18823	0.81176	0.00001	0
249	N	0.18823	0.81176	0.00001	0
250	I	0.18823	0.81176	0.00001	0
251	T	0.18823	0.81176	0.00001	0
252	N	0.18823	0.81176	0.00001	0
253	D	0.18813	0.81176	0.00011	0
254	L	0.18617	0.81176	0.00207	0
255	R	0.18590	0.81176	0.00234	0
256	L	0.18035	0.81176	0.00789	0
257	K	0.17531	0.81176	0.01293	0
258	D	0.15783	0.81176	0.03041	0
259	W	0.05618	0.81176	0.13206	0
260	E	0.03965	0.81176	0.14859	0
261	H	0.03525	0.81122	0.15353	0
262	S	0.00345	0.811	0.18555	0
263	Q	0.00189	0.811	0.18711	0
264	T	0.00003	0.81099	0.18898	0
265	L	0.00002	0.81099	0.18900	0
266	R	0.00002	0.81099	0.18900	0
267	N	0.00001	0.81099	0.18900	0
268	I	0.00001	0.81099	0.18901	0
269	T	0.00001	0.81099	0.18901	0
270	L	0.00001	0.81099	0.18901	0
271	I	0.00001	0.81099	0.18901	0
272	Q	0.00001	0.81102	0.18898	0
273	G	0.00001	0.81125	0.18874	0
274	P	0.00001	0.81213	0.18786	0
275	P	0.00001	0.81363	0.18636	0
276	G	0.00001	0.81694	0.18305	0
277	P	0.00001	0.8242	0.17580	0
278	P	0.00001	0.83372	0.16628	0
279	G	0.00001	0.87753	0.12246	0
280	E	0.00001	0.95735	0.04265	0
281	K	0.00001	0.98191	0.01808	0
282	G	0.00001	0.98742	0.01257	0
283	D	0.00029	0.999	0.00071	0
284	R	0.00061	0.9899	0.00949	0
285	G	0.00070	0.98633	0.01297	0
286	P	0.00078	0.98296	0.01626	0
287	T	0.00078	0.97952	0.01970	0
288	G	0.00078	0.92618	0.07304	0
289	E	0.00078	0.87834	0.12088	0
290	S	0.00078	0.86587	0.13335	0
291	G	0.00078	0.58634	0.41288	0
292	P	0.00078	0.54219	0.45703	0
293	R	0.00078	0.51763	0.48159	0
294	G	0.00078	0.51564	0.48358	0
295	F	0.00078	0.36586	0.63336	0
296	P	0.00078	0.3432	0.65602	0
297	G	0.00078	0.32112	0.67810	0
298	P	0.00078	0.31185	0.68737	0
299	I	0.00078	0.31173	0.68749	0
300	G	0.00078	0.27972	0.71950	0
301	P	0.00078	0.278	0.72122	0
302	P	0.00075	0.21506	0.78419	0
303	G	0.00075	0.18815	0.81110	0
304	L	0.00075	0.17612	0.82313	0
305	K	0.00101	0.17609	0.82290	0
306	G	0.00124	0.17597	0.82279	0
307	D	0.00894	0.17455	0.81651	0
308	R	0.01471	0.17272	0.81257	0
309	G	0.01712	0.01487	0.96801	0
310	A	0.02384	0.00423	0.97193	0
311	I	0.02624	0.00402	0.96974	0
312	G	0.12674	0.00346	0.86979	0
313	F	0.33507	0.00332	0.66161	0
314	P	0.42112	0.00332	0.57556	0
315	G	0.44895	0.00332	0.54773	0
316	S	0.47630	0.00332	0.52039	0
317	R	0.48534	0.00332	0.51134	0
318	G	0.48781	0.00332	0.50887	0
319	L	0.49030	0.00332	0.50639	0
320	P	0.64685	0.00332	0.34983	0
321	G	0.66644	0.00332	0.33024	0
322	Y	0.69661	0.00332	0.30007	0
323	A	0.70142	0.00332	0.29526	0
324	G	0.72608	0.00334	0.27058	0
325	R	0.76014	0.00335	0.23651	0
326	P	0.81191	0.00335	0.18474	0
327	G	0.82247	0.00337	0.17416	0
328	N	0.82470	0.00341	0.17188	0
329	S	0.83675	0.00344	0.15980	0
330	G	0.96151	0.00358	0.03492	0
331	P	0.96890	0.00358	0.02752	0
332	K	0.98964	0.00359	0.00678	0
333	G	0.99304	0.00353	0.00343	0
334	Q	0.99607	0.00353	0.00040	0
335	K	0.99623	0.00353	0.00024	0
336	G	0.99625	0.00353	0.00022	0
337	E	0.99633	0.00353	0.00014	0
338	K	0.99538	0.00353	0.00109	0
339	G	0.99537	0.00353	0.00111	0
340	S	0.99436	0.00351	0.00213	0
341	G	0.99396	0.0033	0.00274	0
342	N	0.99396	0.0033	0.00274	0
343	T	0.99350	0.00328	0.00322	0
344	L	0.99175	0.00034	0.00792	0
345	T	0.98960	0.00034	0.01007	0
346	P	0.92217	0.00029	0.07754	0
347	F	0.79802	0.00029	0.20169	0
348	T	0.40342	0.00029	0.59630	0
349	K	0.08890	0.00029	0.91081	0
350	V	0.00618	0.00029	0.99354	0
351	R	0.00330	0.00029	0.99641	0
352	L	0.00007	0.00028	0.99964	0
353	V	0.00006	0.00029	0.99964	0
354	G	0.00009	0.00033	0.99958	0
355	G	0.00010	0.00035	0.99955	0
356	S	0.00012	0.00038	0.99950	0
357	G	0.00012	0.00041	0.99947	0
358	P	0.00012	0.00054	0.99934	0
359	H	0.00012	0.00082	0.99906	0
360	E	0.00012	0.00174	0.99814	0
361	G	0.00012	0.00197	0.99791	0
362	R	0.00013	0.00224	0.99763	0
363	V	0.00013	0.00232	0.99755	0
364	E	0.00043	0.00423	0.99534	0
365	I	0.00042	0.00429	0.99529	0
366	L	0.00053	0.00677	0.99269	0
367	H	0.00332	0.3686	0.62808	0
368	S	0.00334	0.42114	0.57551	0
369	G	0.00335	0.61116	0.38550	0
370	Q	0.00335	0.76348	0.23317	0
371	W	0.00335	0.83262	0.16403	0
372	G	0.00335	0.96517	0.03148	0
373	T	0.00335	0.96936	0.02729	0
374	I	0.00335	0.97281	0.02384	0
375	C	0.00335	0.99573	0.00092	0
376	D	0.00335	0.99662	0.00002	0
377	D	0.00335	0.99663	0.00002	0
378	R	0.00335	0.99645	0.00020	0
379	W	0.00335	0.99539	0.00126	0
380	E	0.00335	0.99537	0.00128	0
381	V	0.00111	0.99535	0.00355	0
382	R	0.00107	0.99534	0.00358	0
383	V	0.00106	0.99533	0.00361	0
384	G	0.00104	0.99533	0.00363	0
385	Q	0.00076	0.99294	0.00630	0
386	V	0.00075	0.99191	0.00733	0
387	V	0.00070	0.99151	0.00779	0
388	C	0.00069	0.9915	0.00780	0
389	R	0.00069	0.99143	0.00788	0
390	S	0.00069	0.99137	0.00794	0
391	L	0.00069	0.99129	0.00801	0
392	G	0.00069	0.99123	0.00807	0
393	Y	0.00069	0.99029	0.00902	0
394	P	0.00069	0.98939	0.00991	0
395	G	0.00069	0.98107	0.01824	0
396	V	0.00069	0.96033	0.03898	0
397	Q	0.00069	0.8601	0.13921	0
398	A	0.00067	0.46147	0.53786	0
399	V	0.00026	0.18755	0.81219	0
400	H	0.00093	0.13407	0.86500	0
401	K	0.00144	0.02769	0.97087	0
402	A	0.00132	0.00284	0.99584	0
403	A	0.00132	2e-05	0.99866	0
404	H	0.00132	4e-05	0.99864	0
405	F	0.00128	0.00012	0.99860	0
406	G	0.00128	0.00026	0.99846	0
407	Q	0.00339	0.00036	0.99624	0
408	G	0.00390	0.00039	0.99571	0
409	T	0.00477	0.0004	0.99483	0
410	G	0.00498	0.0004	0.99461	0
411	P	0.00501	0.0004	0.99459	0
412	I	0.00503	0.0004	0.99457	0
413	W	0.00516	0.0004	0.99444	0
414	L	0.00527	0.00041	0.99432	0
415	N	0.01018	0.00041	0.98941	0
416	E	0.05323	0.00041	0.94636	0
417	V	0.05323	0.00041	0.94636	0
418	F	0.05324	0.00041	0.94635	0
419	C	0.05324	0.00048	0.94628	0
420	F	0.05324	0.00051	0.94625	0
421	G	0.05326	0.00084	0.94590	0
422	R	0.99890	0.00101	0.00009	0
423	E	0.99890	0.00104	0.00006	0
424	S	0.99890	0.00104	0.00006	0
425	S	0.99890	0.00105	0.00005	0
426	I	0.99890	0.00105	0.00005	0
427	E	0.99890	0.0011	0.00000	0
428	E	0.99890	0.0011	0.00000	0
429	C	0.99890	0.0011	0.00000	0
430	K	0.99890	0.00023	0.00087	0
431	I	0.99890	4e-05	0.00106	0
432	R	0.99890	3e-05	0.00107	0
433	Q	0.99890	0	0.00110	0
434	W	0.99890	0	0.00110	0
435	G	0.99890	0	0.00110	0
436	T	0.99890	0	0.00110	0
437	R	0.99890	0	0.00110	0
438	A	0.99890	0	0.00110	0
439	C	0.99890	0	0.00110	0
440	S	0.99890	0	0.00110	0
441	H	0.99890	0	0.00110	0
442	S	0.99890	0	0.00110	0
443	E	0.99890	0	0.00110	0
444	D	0.99890	0	0.00110	0
445	A	0.99890	0	0.00110	0
446	G	0.99890	0	0.00110	0
447	V	0.99890	0	0.00110	0
448	T	0.99890	0	0.00110	0
449	C	0.99890	0	0.00110	0
450	T	0.99902	0	0.00098	0
451	L	1.00000	0	0.00000	0
