# UNNAMED
#pos	aa	i	o	M	S
1	M	0.00000	0.21663	0.00000	0.78337
2	G	0.00000	0.21663	0.00000	0.78337
3	C	0.00000	0.21663	0.00000	0.78337
4	D	0.00000	0.21663	0.00000	0.78337
5	R	0.00000	0.21663	0.00000	0.78337
6	N	0.00000	0.21663	0.00000	0.78337
7	C	0.00000	0.21662	0.00001	0.78337
8	G	0.00000	0.21657	0.00006	0.78337
9	L	0.00000	0.21643	0.00020	0.78337
10	I	0.00000	0.21626	0.00037	0.78337
11	A	0.00000	0.21618	0.00045	0.78337
12	G	0.00000	0.21614	0.00049	0.78337
13	A	0.00000	0.21607	0.00055	0.78337
14	V	0.00000	0.21602	0.00061	0.78337
15	I	0.00000	0.21601	0.00062	0.78337
16	G	0.00000	0.21601	0.00062	0.78337
17	A	0.00000	0.2166	0.00062	0.78278
18	V	0.00000	0.22018	0.00062	0.7792
19	L	0.00000	0.22018	0.00062	0.7792
20	A	0.00000	0.22018	0.00062	0.7792
21	V	0.00000	0.714	0.00062	0.28538
22	F	0.00000	0.714	0.00062	0.28538
23	G	0.00000	0.714	0.00062	0.28537
24	G	0.00000	0.99831	0.00062	0.00107
25	I	0.00000	0.99837	0.00062	0.001
26	L	0.00000	0.99838	0.00062	0.00099
27	M	0.00000	0.99839	0.00062	0.00099
28	P	0.00001	0.99838	0.00062	0.001
29	V	0.00001	0.9984	0.00062	0.00098
30	G	0.00004	0.9984	0.00059	0.00097
31	D	0.00005	0.9984	0.00058	0.00097
32	L	0.00005	0.99841	0.00058	0.00096
33	L	0.00005	0.99927	0.00058	0.0001
34	I	0.00007	0.99928	0.00055	0.0001
35	Q	0.00049	0.99928	0.00013	0.0001
36	K	0.00060	0.99938	0.00003	0
37	T	0.00060	0.99938	0.00003	0
38	I	0.00058	0.99938	0.00004	0
39	K	0.00060	0.99938	0.00003	0
40	K	0.00059	0.99938	0.00003	0
41	Q	0.00058	0.99938	0.00004	0
42	V	0.00058	0.99938	0.00005	0
43	V	0.00058	0.99938	0.00005	0
44	L	0.00058	0.99938	0.00005	0
45	E	0.00058	0.99938	0.00005	0
46	E	0.00058	0.99938	0.00005	0
47	G	0.00057	0.99938	0.00005	0
48	T	0.00053	0.99938	0.00010	0
49	I	0.00003	0.99938	0.00060	0
50	A	0.00000	0.99938	0.00062	0
51	F	0.00000	0.99938	0.00062	0
52	K	0.00000	0.99938	0.00062	0
53	N	0.00000	0.99938	0.00062	0
54	W	0.00000	0.99938	0.00062	0
55	V	0.00000	0.99938	0.00062	0
56	K	0.00000	0.99938	0.00062	0
57	T	0.00000	0.9994	0.00060	0
58	G	0.00000	0.9994	0.00060	0
59	T	0.00000	0.99941	0.00059	0
60	E	0.00000	0.99942	0.00058	0
61	V	0.00000	0.99942	0.00058	0
62	Y	0.00000	0.99942	0.00058	0
63	R	0.00000	0.99942	0.00058	0
64	Q	0.00000	0.99942	0.00058	0
65	F	0.00000	0.99942	0.00058	0
66	W	0.00000	0.99942	0.00058	0
67	I	0.00000	0.99942	0.00058	0
68	F	0.00000	0.99945	0.00055	0
69	D	0.00000	0.99994	0.00006	0
70	V	0.00000	0.99995	0.00005	0
71	Q	0.00000	1	0.00000	0
72	N	0.00000	1	0.00000	0
73	P	0.00000	1	0.00000	0
74	Q	0.00000	1	0.00000	0
75	E	0.00000	1	0.00000	0
76	V	0.00000	1	0.00000	0
77	M	0.00000	1	0.00000	0
78	M	0.00000	1	0.00000	0
79	N	0.00000	1	0.00000	0
80	S	0.00000	1	0.00000	0
81	S	0.00000	1	0.00000	0
82	N	0.00000	1	0.00000	0
83	I	0.00000	1	0.00000	0
84	Q	0.00000	1	0.00000	0
85	V	0.00000	1	0.00000	0
86	K	0.00000	1	0.00000	0
87	Q	0.00000	1	0.00000	0
88	R	0.00000	1	0.00000	0
89	G	0.00000	1	0.00000	0
90	P	0.00000	1	0.00000	0
91	Y	0.00000	1	0.00000	0
92	T	0.00000	1	0.00000	0
93	Y	0.00000	1	0.00000	0
94	R	0.00000	1	0.00000	0
95	V	0.00000	1	0.00000	0
96	R	0.00000	1	0.00000	0
97	F	0.00000	1	0.00000	0
98	L	0.00000	1	0.00000	0
99	A	0.00000	1	0.00000	0
100	K	0.00000	1	0.00000	0
101	E	0.00000	1	0.00000	0
102	N	0.00000	1	0.00000	0
103	V	0.00000	1	0.00000	0
104	T	0.00000	1	0.00000	0
105	Q	0.00000	1	0.00000	0
106	D	0.00000	1	0.00000	0
107	A	0.00000	1	0.00000	0
108	E	0.00000	1	0.00000	0
109	D	0.00000	1	0.00000	0
110	N	0.00000	1	0.00000	0
111	T	0.00000	1	0.00000	0
112	V	0.00000	0.99999	0.00001	0
113	S	0.00000	0.99998	0.00002	0
114	F	0.00000	0.99998	0.00002	0
115	L	0.00000	0.99998	0.00002	0
116	Q	0.00000	0.99998	0.00002	0
117	P	0.00000	0.99996	0.00004	0
118	N	0.00000	0.99979	0.00021	0
119	G	0.00000	0.99813	0.00187	0
120	A	0.00000	0.97911	0.02089	0
121	I	0.00000	0.97008	0.02992	0
122	F	0.00000	0.96895	0.03105	0
123	E	0.00000	0.9688	0.03120	0
124	P	0.00000	0.96346	0.03654	0
125	S	0.00000	0.95558	0.04442	0
126	L	0.00000	0.90657	0.09343	0
127	S	0.00000	0.89947	0.10053	0
128	V	0.00000	0.8828	0.11720	0
129	G	0.00000	0.8828	0.11720	0
130	T	0.00000	0.8828	0.11720	0
131	E	0.00000	0.8828	0.11720	0
132	A	0.00000	0.88278	0.11721	0
133	D	0.00000	0.88276	0.11724	0
134	N	0.00000	0.86803	0.13196	0
135	F	0.00000	0.8361	0.16390	0
136	T	0.00000	0.82965	0.17035	0
137	V	0.00000	0.82498	0.17502	0
138	L	0.00000	0.82314	0.17686	0
139	N	0.00001	0.82224	0.17775	0
140	L	0.00001	0.80469	0.19529	0
141	A	0.00007	0.79689	0.20304	0
142	V	0.00040	0.79497	0.20463	0
143	A	0.00168	0.7861	0.21222	0
144	A	0.00371	0.78004	0.21625	0
145	A	0.01571	0.70141	0.28288	0
146	S	0.03060	0.65703	0.31237	0
147	H	0.03368	0.65469	0.31163	0
148	I	0.03529	0.65373	0.31099	0
149	Y	0.05315	0.65368	0.29316	0
150	Q	0.11357	0.65368	0.23275	0
151	N	0.11611	0.65366	0.23023	0
152	Q	0.11683	0.65362	0.22955	0
153	F	0.10827	0.65358	0.23815	0
154	V	0.10635	0.65358	0.24006	0
155	Q	0.09487	0.65358	0.25154	0
156	M	0.08258	0.65358	0.26384	0
157	I	0.07475	0.65358	0.27166	0
158	L	0.08619	0.65358	0.26022	0
159	N	0.11045	0.65358	0.23596	0
160	S	0.08811	0.65358	0.25831	0
161	L	0.06476	0.65358	0.28166	0
162	I	0.05345	0.65358	0.29296	0
163	N	0.09557	0.65358	0.25084	0
164	K	0.12178	0.65358	0.22464	0
165	S	0.15058	0.65358	0.19584	0
166	K	0.22413	0.65359	0.12228	0
167	S	0.22356	0.65359	0.12285	0
168	S	0.20075	0.65359	0.14566	0
169	M	0.18494	0.65359	0.16147	0
170	F	0.18354	0.65359	0.16287	0
171	Q	0.18360	0.65376	0.16264	0
172	V	0.18354	0.65379	0.16267	0
173	R	0.18351	0.65561	0.16088	0
174	T	0.17838	0.66056	0.16106	0
175	L	0.14794	0.66457	0.18749	0
176	R	0.14093	0.68527	0.17380	0
177	E	0.09148	0.68679	0.22173	0
178	L	0.00058	0.68076	0.31866	0
179	L	0.00014	0.66112	0.33873	0
180	W	0.00008	0.66508	0.33484	0
181	G	0.00007	0.68644	0.31349	0
182	Y	0.00007	0.71622	0.28371	0
183	R	0.00007	0.73434	0.26559	0
184	D	0.00007	0.74012	0.25981	0
185	P	0.00006	0.50829	0.49165	0
186	F	0.00000	0.30458	0.69542	0
187	L	0.00000	0.28173	0.71827	0
188	S	0.00000	0.25157	0.74843	0
189	L	0.00000	0.24051	0.75949	0
190	V	0.00000	0.28147	0.71853	0
191	P	0.00000	0.28125	0.71875	0
192	Y	0.00000	0.27876	0.72124	0
193	P	0.00000	0.27732	0.72268	0
194	V	0.00000	0.27378	0.72622	0
195	T	0.00000	0.30847	0.69153	0
196	T	0.00000	0.45474	0.54526	0
197	T	0.00002	0.4552	0.54479	0
198	V	0.00002	0.45452	0.54547	0
199	G	0.00003	0.45418	0.54579	0
200	L	0.00004	0.44627	0.55369	0
201	F	0.00021	0.44598	0.55381	0
202	Y	0.00342	0.44635	0.55023	0
203	P	0.03173	0.4465	0.52177	0
204	Y	0.03817	0.44653	0.51530	0
205	N	0.39603	0.44657	0.15740	0
206	N	0.50308	0.4466	0.05032	0
207	T	0.52942	0.4466	0.02397	0
208	A	0.52975	0.4466	0.02365	0
209	D	0.53047	0.4466	0.02292	0
210	G	0.52911	0.34778	0.12312	0
211	V	0.52687	0.34438	0.12874	0
212	Y	0.51402	0.34437	0.14160	0
213	K	0.51140	0.34437	0.14423	0
214	V	0.05643	0.34437	0.59919	0
215	F	0.01163	0.34437	0.64400	0
216	N	0.00956	0.34437	0.64607	0
217	G	0.01455	0.34437	0.64108	0
218	K	0.01557	0.34437	0.64006	0
219	D	0.01404	0.34437	0.64159	0
220	N	0.01368	0.34437	0.64194	0
221	I	0.01371	0.34437	0.64192	0
222	S	0.01443	0.34437	0.64120	0
223	K	0.01701	0.34437	0.63862	0
224	V	0.01701	0.34428	0.63870	0
225	A	0.01702	0.34428	0.63870	0
226	I	0.01708	0.34428	0.63864	0
227	I	0.01736	0.34428	0.63835	0
228	D	0.12042	0.34631	0.53327	0
229	T	0.12096	0.34645	0.53259	0
230	Y	0.12142	0.3472	0.53138	0
231	K	0.12431	0.35134	0.52435	0
232	G	0.12436	0.36065	0.51499	0
233	K	0.12437	0.4054	0.47023	0
234	R	0.12421	0.70086	0.17493	0
235	N	0.10552	0.8556	0.03888	0
236	L	0.09740	0.87082	0.03178	0
237	S	0.09680	0.87396	0.02924	0
238	Y	0.01668	0.87498	0.10833	0
239	W	0.00350	0.87505	0.12145	0
240	E	0.00250	0.87532	0.12219	0
241	S	0.00067	0.87504	0.12428	0
242	H	0.00008	0.87389	0.12602	0
243	C	0.00003	0.87388	0.12609	0
244	D	0.00003	0.87385	0.12612	0
245	M	0.00011	0.87376	0.12612	0
246	I	0.00011	0.87141	0.12848	0
247	N	0.00012	0.87096	0.12893	0
248	G	0.00011	0.83675	0.16313	0
249	T	0.00010	0.82239	0.17751	0
250	D	0.00009	0.75503	0.24487	0
251	A	0.00009	0.51166	0.48825	0
252	A	0.00009	0.37557	0.62434	0
253	S	0.00009	0.27594	0.72397	0
254	F	0.00012	0.0019	0.99797	0
255	P	0.00023	0.00191	0.99785	0
256	P	0.00023	0.00202	0.99775	0
257	F	0.00023	0.00252	0.99725	0
258	V	0.00023	0.00855	0.99122	0
259	E	0.00023	0.11883	0.88094	0
260	K	0.00023	0.12616	0.87362	0
261	S	0.00020	0.12608	0.87372	0
262	Q	0.00040	0.12578	0.87381	0
263	V	0.00085	0.12507	0.87409	0
264	L	0.00144	0.12507	0.87349	0
265	Q	0.00163	0.12512	0.87325	0
266	F	0.00163	0.12506	0.87331	0
267	F	0.00201	0.12506	0.87293	0
268	S	0.00279	0.12507	0.87214	0
269	S	0.00420	0.12504	0.87076	0
270	D	0.00707	0.12499	0.86793	0
271	I	0.04543	0.12366	0.83091	0
272	C	0.10215	0.12083	0.77702	0
273	R	0.15539	0.10449	0.74012	0
274	S	0.63698	0.07516	0.28787	0
275	I	0.87332	0.0077	0.11898	0
276	Y	0.87329	0.0077	0.11901	0
277	A	0.87329	0.0077	0.11901	0
278	V	0.87327	0.0077	0.11903	0
279	F	0.87326	0.0077	0.11903	0
280	E	0.87326	0.00773	0.11901	0
281	S	0.87326	0.00774	0.11900	0
282	D	0.87302	0.00778	0.11920	0
283	V	0.87135	0.00778	0.12086	0
284	N	0.87143	0.00779	0.12078	0
285	L	0.87071	0.00779	0.12150	0
286	K	0.87056	0.00779	0.12165	0
287	G	0.86266	0.00779	0.12954	0
288	I	0.11106	0.0077	0.88123	0
289	P	0.08897	0.00764	0.90339	0
290	V	0.02559	0.00363	0.97078	0
291	Y	0.00544	0.00293	0.99163	0
292	R	0.00509	0.00269	0.99222	0
293	F	0.00320	0.00266	0.99413	0
294	V	0.00131	0.00267	0.99602	0
295	L	0.06909	0.00269	0.92822	0
296	P	0.11861	0.00296	0.87843	0
297	S	0.11853	0.00301	0.87846	0
298	K	0.11846	0.00301	0.87853	0
299	A	0.11786	0.00301	0.87913	0
300	F	0.11755	0.00301	0.87944	0
301	A	0.11754	0.00301	0.87945	0
302	S	0.11754	0.00314	0.87931	0
303	P	0.11754	0.00388	0.87858	0
304	V	0.11754	0.00447	0.87799	0
305	E	0.11754	0.00704	0.87542	0
306	N	0.11754	0.01599	0.86647	0
307	P	0.11752	0.12459	0.75789	0
308	D	0.11637	0.77927	0.10436	0
309	N	0.07314	0.79517	0.13169	0
310	Y	0.01732	0.80772	0.17496	0
311	C	0.00070	0.83607	0.16322	0
312	F	0.00005	0.83984	0.16011	0
313	C	0.00512	0.86816	0.12672	0
314	T	0.00514	0.87407	0.12079	0
315	E	0.00516	0.87622	0.11862	0
316	K	0.00516	0.87624	0.11860	0
317	I	0.00516	0.87624	0.11860	0
318	I	0.00517	0.87624	0.11859	0
319	S	0.00517	0.87664	0.11820	0
320	K	0.00517	0.87731	0.11752	0
321	N	0.00517	0.87732	0.11751	0
322	C	0.00517	0.87732	0.11751	0
323	T	0.00517	0.87732	0.11751	0
324	S	0.00517	0.87717	0.11767	0
325	Y	0.00517	0.87717	0.11767	0
326	G	0.00517	0.87716	0.11767	0
327	V	0.00516	0.87696	0.11788	0
328	L	0.00497	0.87778	0.11726	0
329	D	0.00493	0.96343	0.03164	0
330	I	0.00047	0.96597	0.03355	0
331	S	0.00043	0.97574	0.02383	0
332	K	0.00043	0.9942	0.00538	0
333	C	0.00003	0.99445	0.00552	0
334	K	0.00003	0.99447	0.00551	0
335	E	0.00003	0.99446	0.00552	0
336	G	0.00003	0.9944	0.00558	0
337	R	0.00003	0.99151	0.00846	0
338	P	0.00003	0.99059	0.00938	0
339	V	0.00002	0.8576	0.14238	0
340	Y	0.00002	0.82467	0.17530	0
341	I	0.00002	0.82434	0.17563	0
342	S	0.00002	0.82434	0.17564	0
343	L	0.00002	0.82432	0.17565	0
344	P	0.00002	0.82432	0.17565	0
345	H	0.00002	0.82432	0.17566	0
346	F	0.00002	0.82432	0.17566	0
347	L	0.00002	0.82431	0.17567	0
348	Y	0.00003	0.82432	0.17565	0
349	A	0.00005	0.82445	0.17551	0
350	S	0.00038	0.82868	0.17093	0
351	P	0.00039	0.829	0.17061	0
352	D	0.00039	0.82944	0.17017	0
353	V	0.00039	0.82944	0.17017	0
354	S	0.00039	0.82945	0.17016	0
355	E	0.00039	0.82945	0.17016	0
356	P	0.00039	0.82945	0.17016	0
357	I	0.00039	0.82945	0.17016	0
358	D	0.00058	0.82945	0.16997	0
359	G	0.00061	0.82945	0.16994	0
360	L	0.00125	0.82945	0.16930	0
361	N	0.01954	0.82945	0.15101	0
362	P	0.15331	0.82945	0.01724	0
363	N	0.16816	0.82944	0.00240	0
364	E	0.17040	0.82944	0.00016	0
365	E	0.17053	0.8294	0.00006	0
366	E	0.17054	0.82935	0.00011	0
367	H	0.17054	0.07471	0.75475	0
368	R	0.17054	0.07464	0.75482	0
369	T	0.17054	0.00103	0.82843	0
370	Y	0.17054	0.00013	0.82934	0
371	L	0.17054	0.00013	0.82933	0
372	D	0.17055	0.00013	0.82933	0
373	I	0.17055	8e-05	0.82937	0
374	E	0.17055	8e-05	0.82937	0
375	P	0.17055	8e-05	0.82937	0
376	I	0.17055	8e-05	0.82937	0
377	T	0.17055	8e-05	0.82937	0
378	G	0.17055	8e-05	0.82937	0
379	F	0.17055	8e-05	0.82937	0
380	T	0.17055	8e-05	0.82937	0
381	L	0.17052	8e-05	0.82940	0
382	Q	0.17052	8e-05	0.82940	0
383	F	0.16846	8e-05	0.83146	0
384	A	0.16846	8e-05	0.83146	0
385	K	0.16847	8e-05	0.83145	0
386	R	0.16865	8e-05	0.83127	0
387	L	0.17020	8e-05	0.82972	0
388	Q	0.49167	8e-05	0.50825	0
389	V	0.53643	8e-05	0.46349	0
390	N	0.98534	8e-05	0.01458	0
391	L	0.99532	8e-05	0.00460	0
392	L	0.99590	8e-05	0.00402	0
393	V	0.99699	8e-05	0.00293	0
394	K	0.99782	8e-05	0.00210	0
395	P	0.99783	8e-05	0.00209	0
396	S	0.99783	8e-05	0.00209	0
397	E	0.99783	8e-05	0.00209	0
398	K	0.99739	8e-05	0.00253	0
399	I	0.99732	8e-05	0.00260	0
400	Q	0.99732	8e-05	0.00260	0
401	V	0.99127	8e-05	0.00865	0
402	L	0.03781	0.00013	0.96206	0
403	K	0.03291	0.00195	0.96514	0
404	N	0.00280	0.00203	0.99516	0
405	L	0.00164	0.00206	0.99629	0
406	K	0.00126	0.00217	0.99657	0
407	R	0.00106	0.00217	0.99677	0
408	N	0.00106	0.00217	0.99677	0
409	Y	0.00100	0.00217	0.99683	0
410	I	0.00000	0.00217	0.99783	0
411	V	0.00000	0.00217	0.99783	0
412	P	0.00000	0.00217	0.99783	0
413	I	0.00000	0.00217	0.99783	0
414	L	0.00000	0.00217	0.99783	0
415	W	0.00000	0.00217	0.99783	0
416	L	0.00000	0.00217	0.99783	0
417	N	0.00000	0.00223	0.99777	0
418	E	0.00000	0.00244	0.99756	0
419	T	0.00000	0.00248	0.99752	0
420	G	0.00000	0.00282	0.99718	0
421	T	0.00000	0.00872	0.99128	0
422	I	0.00000	0.04927	0.95072	0
423	G	0.00000	0.65627	0.34373	0
424	D	0.00000	0.99663	0.00337	0
425	E	0.00000	0.99823	0.00177	0
426	K	0.00000	0.9984	0.00160	0
427	A	0.00000	0.9984	0.00160	0
428	N	0.00000	0.99842	0.00158	0
429	M	0.00000	0.99842	0.00158	0
430	F	0.00000	0.99861	0.00139	0
431	R	0.00000	0.99984	0.00016	0
432	S	0.00000	0.99994	0.00006	0
433	Q	0.00000	0.99968	0.00032	0
434	V	0.00000	0.99737	0.00263	0
435	T	0.00000	0.99653	0.00347	0
436	G	0.00000	0.99394	0.00606	0
437	K	0.00000	0.93979	0.06021	0
438	I	0.00000	0.90606	0.09394	0
439	N	0.00000	0.88797	0.11203	0
440	L	0.00000	0.83935	0.16065	0
441	L	0.00000	0.75624	0.24375	0
442	G	0.00000	0.70081	0.29919	0
443	L	0.00000	0.13911	0.86089	0
444	I	0.00000	0.02605	0.97395	0
445	E	0.00000	0.00299	0.99701	0
446	M	0.00000	0.00017	0.99983	0
447	I	0.00000	0	1.00000	0
448	L	0.00000	0	1.00000	0
449	L	0.00000	0	1.00000	0
450	S	0.00000	0	1.00000	0
451	V	0.00000	0	1.00000	0
452	G	0.00000	0	1.00000	0
453	V	0.00000	0	1.00000	0
454	V	0.00001	0	0.99999	0
455	M	0.00005	0	0.99995	0
456	F	0.00028	0	0.99972	0
457	V	0.00200	0	0.99800	0
458	A	0.03191	0	0.96809	0
459	F	0.04540	0	0.95460	0
460	M	0.07514	0	0.92486	0
461	I	0.10589	0	0.89411	0
462	S	0.16351	0	0.83649	0
463	Y	0.19535	0	0.80465	0
464	C	0.61382	0	0.38618	0
465	A	0.90260	0	0.09740	0
466	C	0.96843	0	0.03157	0
467	R	1.00000	0	0.00000	0
468	S	1.00000	0	0.00000	0
469	K	1.00000	0	0.00000	0
470	T	1.00000	0	0.00000	0
471	I	1.00000	0	0.00000	0
472	K	1.00000	0	0.00000	0
