# UNNAMED
#pos	aa	i	o	M	S
1	M	0.00000	0.0083	0.00000	0.9917
2	S	0.00000	0.0083	0.00000	0.9917
3	S	0.00000	0.0083	0.00000	0.9917
4	T	0.00000	0.0083	0.00000	0.9917
5	L	0.00000	0.00829	0.00001	0.9917
6	P	0.00000	0.00829	0.00001	0.9917
7	A	0.00000	0.00827	0.00003	0.9917
8	L	0.00000	0.00826	0.00004	0.9917
9	L	0.00000	0.00826	0.00004	0.9917
10	C	0.00000	0.00826	0.00004	0.9917
11	V	0.00000	0.00825	0.00005	0.9917
12	G	0.00000	0.00825	0.00005	0.9917
13	L	0.00000	0.00825	0.00005	0.9917
14	C	0.00000	0.00826	0.00005	0.99169
15	L	0.00000	0.00833	0.00006	0.99161
16	S	0.00000	0.00839	0.00006	0.99156
17	Q	0.00000	0.03079	0.00006	0.96915
18	R	0.00000	0.03139	0.00006	0.96855
19	I	0.00000	0.03125	0.00020	0.96855
20	S	0.00000	0.03123	0.00022	0.96855
21	A	0.00000	0.03133	0.00027	0.9684
22	Q	0.00000	0.99047	0.00028	0.00926
23	Q	0.00000	0.99591	0.00028	0.00381
24	Q	0.00000	0.99972	0.00029	0
25	T	0.00000	0.9997	0.00030	0
26	L	0.00000	0.99961	0.00039	0
27	P	0.00000	0.99946	0.00054	0
28	K	0.00000	0.96965	0.03035	0
29	P	0.00000	0.31592	0.68408	0
30	F	0.00000	0.10061	0.89939	0
31	I	0.00000	0.0364	0.96360	0
32	W	0.00001	0.01027	0.98972	0
33	A	0.00005	0.00961	0.99034	0
34	E	0.00005	0.00959	0.99036	0
35	P	0.00006	0.00954	0.99041	0
36	H	0.00006	0.0095	0.99045	0
37	F	0.00006	0.00949	0.99045	0
38	M	0.00006	0.00949	0.99045	0
39	V	0.00006	0.00949	0.99045	0
40	P	0.00022	0.00949	0.99029	0
41	K	0.00028	0.00949	0.99023	0
42	E	0.00028	0.00949	0.99023	0
43	K	0.00029	0.00946	0.99025	0
44	Q	0.00029	0.00922	0.99049	0
45	V	0.00028	0.00899	0.99073	0
46	T	0.00128	0.00874	0.98998	0
47	I	0.00165	0.00864	0.98971	0
48	C	0.29252	0.00864	0.69884	0
49	C	0.35601	0.00837	0.63562	0
50	Q	0.95770	0.00794	0.03436	0
51	G	0.97791	0.00745	0.01464	0
52	N	0.98986	0.00733	0.00280	0
53	Y	0.99013	0.00729	0.00258	0
54	G	0.99023	0.00726	0.00251	0
55	A	0.98840	0.00726	0.00434	0
56	V	0.97235	0.00726	0.02039	0
57	E	0.73829	0.00726	0.25445	0
58	Y	0.01463	0.00726	0.97811	0
59	Q	0.00022	0.00726	0.99253	0
60	L	0.00000	0.00726	0.99274	0
61	H	0.00000	0.00726	0.99274	0
62	F	0.00000	0.00726	0.99274	0
63	E	0.00001	0.00726	0.99273	0
64	G	0.00001	0.00726	0.99273	0
65	S	0.00001	0.00726	0.99273	0
66	L	0.00001	0.00726	0.99273	0
67	F	0.00001	0.00726	0.99273	0
68	A	0.00002	0.00727	0.99271	0
69	V	0.00009	0.00731	0.99260	0
70	D	0.00190	0.00737	0.99073	0
71	R	0.00215	0.00739	0.99046	0
72	P	0.00221	0.0074	0.99040	0
73	K	0.00222	0.00741	0.99037	0
74	P	0.00223	0.00745	0.99032	0
75	P	0.00223	0.00938	0.98839	0
76	E	0.00223	0.58667	0.41109	0
77	R	0.00223	0.99735	0.00041	0
78	I	0.00216	0.99765	0.00020	0
79	N	0.00215	0.99776	0.00008	0
80	K	0.00213	0.99763	0.00023	0
81	V	0.00010	0.99228	0.00761	0
82	K	0.00010	0.99051	0.00939	0
83	F	0.00009	0.99051	0.00940	0
84	Y	0.00009	0.99051	0.00940	0
85	I	0.00009	0.99051	0.00940	0
86	P	0.00009	0.99051	0.00940	0
87	D	0.00005	0.9905	0.00944	0
88	M	0.00000	0.99049	0.00951	0
89	N	0.00000	0.99049	0.00951	0
90	S	0.00000	0.99047	0.00953	0
91	R	0.00000	0.98951	0.01049	0
92	M	0.00000	0.98125	0.01875	0
93	A	0.00000	0.98048	0.01952	0
94	G	0.00000	0.98044	0.01956	0
95	Q	0.00000	0.98033	0.01967	0
96	Y	0.00000	0.97963	0.02037	0
97	S	0.00000	0.83184	0.16816	0
98	C	0.00000	0.58961	0.41039	0
99	I	0.00000	7e-05	0.99993	0
100	Y	0.00020	7e-05	0.99973	0
101	R	0.00708	7e-05	0.99285	0
102	V	0.00709	7e-05	0.99284	0
103	G	0.00722	8e-05	0.99270	0
104	E	0.00726	0.00181	0.99093	0
105	L	0.00726	0.00188	0.99087	0
106	W	0.00726	0.00199	0.99075	0
107	S	0.00726	0.00219	0.99055	0
108	E	0.00726	0.00223	0.99052	0
109	P	0.00728	0.00223	0.99049	0
110	S	0.00357	0.00223	0.99420	0
111	N	0.00005	0.00223	0.99772	0
112	L	0.00003	0.00223	0.99774	0
113	L	0.00003	0.00223	0.99774	0
114	D	0.00003	0.00223	0.99774	0
115	L	0.00131	0.00223	0.99645	0
116	V	0.00920	0.00223	0.98857	0
117	V	0.18606	0.00223	0.81170	0
118	T	0.26892	0.00223	0.72885	0
119	E	0.66701	0.00223	0.33076	0
120	M	0.66919	0.00223	0.32858	0
121	Y	0.67115	0.00223	0.32662	0
122	D	0.67496	0.00223	0.32281	0
123	T	0.74630	0.00223	0.25147	0
124	P	0.99051	0.00223	0.00726	0
125	T	0.99048	0.00164	0.00787	0
126	L	0.99048	0.00044	0.00908	0
127	S	0.99048	0.00023	0.00929	0
128	V	0.99048	0.0001	0.00942	0
129	H	0.99048	0.00722	0.00230	0
130	P	0.99048	0.00722	0.00230	0
131	G	0.99048	0.00722	0.00230	0
132	P	0.99046	0.00723	0.00232	0
133	E	0.98912	0.00725	0.00363	0
134	V	0.86077	0.00725	0.13197	0
135	I	0.43341	0.00726	0.55933	0
136	S	0.37257	0.00726	0.62017	0
137	G	0.33463	0.00726	0.65811	0
138	E	0.32899	0.00726	0.66376	0
139	K	0.31575	0.00726	0.67699	0
140	V	0.27399	0.00725	0.71876	0
141	T	0.12683	0.00662	0.86656	0
142	F	0.01446	0.00614	0.97941	0
143	Y	0.00247	0.00098	0.99656	0
144	C	0.00001	0.00055	0.99944	0
145	R	0.00000	4e-05	0.99996	0
146	L	0.00001	2e-05	0.99997	0
147	D	0.00010	3e-05	0.99987	0
148	T	0.00191	3e-05	0.99806	0
149	A	0.00203	3e-05	0.99794	0
150	T	0.00223	3e-05	0.99774	0
151	S	0.00223	3e-05	0.99774	0
152	M	0.00223	3e-05	0.99774	0
153	F	0.00223	6e-05	0.99771	0
154	L	0.00223	0.00145	0.99632	0
155	L	0.00223	0.01525	0.98251	0
156	L	0.00223	0.11528	0.88249	0
157	K	0.00223	0.6631	0.33467	0
158	E	0.00223	0.67313	0.32463	0
159	G	0.00223	0.68376	0.31401	0
160	R	0.00224	0.76707	0.23069	0
161	S	0.00234	0.81055	0.18710	0
162	S	0.00460	0.89043	0.10496	0
163	H	0.00528	0.94426	0.05046	0
164	V	0.00485	0.95584	0.03931	0
165	Q	0.00781	0.99043	0.00176	0
166	R	0.00755	0.99051	0.00194	0
167	G	0.00727	0.9905	0.00223	0
168	Y	0.00725	0.99048	0.00226	0
169	G	0.00726	0.98652	0.00623	0
170	K	0.00726	0.98646	0.00628	0
171	V	0.00725	0.87348	0.11926	0
172	Q	0.00725	0.87342	0.11932	0
173	A	0.00725	0.87153	0.12122	0
174	E	0.00725	0.87146	0.12129	0
175	F	0.00725	0.87143	0.12132	0
176	P	0.00725	0.87142	0.12133	0
177	L	0.00724	0.8714	0.12136	0
178	G	0.00724	0.87139	0.12136	0
179	P	0.00724	0.87053	0.12223	0
180	V	0.00704	0.7907	0.20226	0
181	T	0.00265	0.78856	0.20879	0
182	T	0.00067	0.78857	0.21076	0
183	A	0.00031	0.7886	0.21109	0
184	H	0.00028	0.78537	0.21435	0
185	R	0.00010	0.78367	0.21623	0
186	G	0.00001	0.78209	0.21790	0
187	T	0.00000	0.64045	0.35955	0
188	Y	0.00000	0.58586	0.41414	0
189	R	0.00088	0.57852	0.42059	0
190	C	0.00095	0.307	0.69205	0
191	F	0.00101	0.02813	0.97086	0
192	G	0.01602	0.00355	0.98044	0
193	S	0.10820	0.00261	0.88919	0
194	Y	0.11749	0.0023	0.88022	0
195	N	0.11877	0.00225	0.87899	0
196	N	0.11899	0.00225	0.87876	0
197	H	0.11902	0.00173	0.87925	0
198	A	0.11904	0.00143	0.87954	0
199	W	0.11906	0.00023	0.88071	0
200	S	0.11926	0.00038	0.88036	0
201	F	0.12031	0.00097	0.87872	0
202	P	0.20107	0.00691	0.79202	0
203	S	0.20179	0.0071	0.79111	0
204	E	0.20197	0.00731	0.79072	0
205	P	0.20169	0.00736	0.79095	0
206	V	0.17115	0.0074	0.82145	0
207	K	0.14748	0.00742	0.84510	0
208	L	0.08763	0.00742	0.90495	0
209	L	0.08793	0.00742	0.90465	0
210	V	0.09024	0.00742	0.90234	0
211	T	0.39531	0.00742	0.59727	0
212	G	0.78691	0.00742	0.20567	0
213	D	0.86520	0.00742	0.12737	0
214	I	0.86766	0.00742	0.12492	0
215	E	0.87613	0.00742	0.11645	0
216	N	0.82329	0.00724	0.16948	0
217	T	0.80622	0.00422	0.18956	0
218	S	0.80624	9e-05	0.19367	0
219	L	0.80630	7e-05	0.19363	0
220	A	0.80700	7e-05	0.19293	0
221	P	0.80817	7e-05	0.19176	0
222	E	0.80824	7e-05	0.19169	0
223	D	0.80824	7e-05	0.19169	0
224	P	0.00285	0	0.99715	0
225	T	0.00284	2e-05	0.99714	0
226	F	0.00284	0.0001	0.99706	0
227	P	0.00284	0.00496	0.99220	0
228	A	0.00284	0.00914	0.98802	0
229	D	0.00284	0.10563	0.89153	0
230	T	0.00127	0.10661	0.89212	0
231	W	0.00077	0.10745	0.89178	0
232	G	0.00009	0.10843	0.89149	0
233	T	0.00000	0.109	0.89100	0
234	Y	0.00000	0.10915	0.89085	0
235	L	0.00000	0.10953	0.89047	0
236	L	0.00000	0.11089	0.88911	0
237	T	0.00005	0.12178	0.87817	0
238	T	0.00091	0.15227	0.84682	0
239	E	0.00662	0.18358	0.80981	0
240	T	0.00678	0.18394	0.80929	0
241	G	0.00689	0.18413	0.80898	0
242	L	0.00697	0.18489	0.80815	0
243	Q	0.00736	0.43297	0.55968	0
244	K	0.00740	0.96769	0.02491	0
245	D	0.00742	0.98827	0.00431	0
246	H	0.00742	0.98831	0.00426	0
247	A	0.00742	0.98828	0.00430	0
248	L	0.00742	0.98848	0.00410	0
249	W	0.00742	0.98916	0.00342	0
250	D	0.00742	0.9917	0.00088	0
251	H	0.00742	0.99148	0.00110	0
252	T	0.00742	0.98849	0.00408	0
253	A	0.00730	0.98154	0.01116	0
254	Q	0.00693	0.76613	0.22693	0
255	N	0.00026	0.02173	0.97801	0
256	L	0.00012	0.00013	0.99974	0
257	L	0.00000	0	1.00000	0
258	R	0.00000	0	1.00000	0
259	M	0.00000	0	1.00000	0
260	G	0.00000	0	1.00000	0
261	L	0.00000	0	1.00000	0
262	A	0.00000	0	1.00000	0
263	F	0.00000	0	1.00000	0
264	L	0.00000	0	1.00000	0
265	V	0.00000	0	1.00000	0
266	L	0.00000	0	1.00000	0
267	V	0.00001	0	0.99999	0
268	A	0.00019	0	0.99981	0
269	L	0.00022	0	0.99978	0
270	V	0.00029	0	0.99971	0
271	W	0.00034	0	0.99966	0
272	F	0.00051	0	0.99949	0
273	L	0.00274	0	0.99726	0
274	V	0.05611	0.00023	0.94366	0
275	E	0.99258	0.00627	0.00115	0
276	D	0.99258	0.00728	0.00014	0
277	W	0.99258	0.00729	0.00014	0
278	L	0.99258	0.0073	0.00012	0
279	S	0.99258	0.00737	0.00005	0
280	R	0.99258	0.00742	0.00000	0
281	K	0.99258	0.00742	0.00000	0
282	R	0.99258	0.00625	0.00117	0
283	T	0.99258	0.00424	0.00318	0
284	R	0.99258	0.00411	0.00331	0
285	E	0.99258	0.00015	0.00727	0
286	R	0.99258	0	0.00742	0
287	A	0.99258	0	0.00742	0
288	S	0.99258	0	0.00742	0
289	R	0.99258	0	0.00742	0
290	A	0.99258	0	0.00742	0
291	S	0.99258	0	0.00742	0
292	T	0.99258	0	0.00742	0
293	W	0.99258	0	0.00742	0
294	E	0.99258	0	0.00742	0
295	G	0.99258	0	0.00742	0
296	R	0.99258	0	0.00742	0
297	R	0.99258	0	0.00742	0
298	R	0.99258	0	0.00742	0
299	L	0.99258	0	0.00742	0
300	N	0.99258	0	0.00742	0
301	T	0.99258	0	0.00742	0
302	Q	0.99258	0	0.00742	0
303	T	0.99258	0	0.00742	0
304	L	1.00000	0	0.00000	0
