# UNNAMED
#pos	aa	i	o	M	S
1	M	0.00000	0.99998	0.00000	2e-05
2	A	0.00000	0.99998	0.00000	2e-05
3	Q	0.00000	0.99998	0.00000	2e-05
4	R	0.00000	0.89968	0.10030	2e-05
5	M	0.00000	0.30313	0.69685	2e-05
6	T	0.00000	0.09401	0.90597	2e-05
7	T	0.00000	0.02999	0.96999	2e-05
8	Q	0.00000	0.01506	0.98493	2e-05
9	L	0.00000	0.00366	0.99632	2e-05
10	L	0.00000	0.00265	0.99733	2e-05
11	L	0.00000	2e-05	0.99997	2e-05
12	L	0.00000	0	0.99998	2e-05
13	L	0.00000	0	0.99998	2e-05
14	V	0.00000	0	0.99998	2e-05
15	W	0.00000	0	0.99998	2e-05
16	V	0.00000	0	0.99998	2e-05
17	A	0.00000	0	0.99998	2e-05
18	V	0.00000	0	0.99998	2e-05
19	V	0.00000	0	0.99998	2e-05
20	G	0.00000	0	0.99998	2e-05
21	E	0.00080	0	0.99918	2e-05
22	A	0.00709	2e-05	0.99289	0
23	Q	0.52141	2e-05	0.47857	0
24	T	0.65518	2e-05	0.34480	0
25	R	0.71892	2e-05	0.28106	0
26	I	0.72868	0	0.27132	0
27	A	0.92935	0	0.07065	0
28	W	0.98425	0	0.01575	0
29	A	0.99799	0	0.00201	0
30	R	0.99439	0	0.00561	0
31	T	0.35698	0	0.64302	0
32	E	0.07104	0	0.92896	0
33	L	0.00077	0	0.99923	0
34	L	0.00001	0	0.99999	0
35	N	0.00000	0	1.00000	0
36	V	0.00000	0	1.00000	0
37	C	0.00000	0	1.00000	0
38	M	0.00000	0	1.00000	0
39	N	0.00000	0	1.00000	0
40	A	0.00000	0	1.00000	0
41	K	0.00000	0	1.00000	0
42	H	0.00000	0	1.00000	0
43	H	0.00000	3e-05	0.99997	0
44	K	0.00000	7e-05	0.99993	0
45	E	0.00001	0.00032	0.99968	0
46	K	0.00002	0.00053	0.99945	0
47	P	0.00002	0.00055	0.99943	0
48	G	0.00002	0.00855	0.99144	0
49	P	0.00002	0.51173	0.48825	0
50	E	0.00002	0.95916	0.04082	0
51	D	0.00002	0.99942	0.00057	0
52	K	0.00002	0.99997	0.00001	0
53	L	0.00002	0.99998	0.00001	0
54	H	0.00002	0.99998	0.00000	0
55	E	0.00002	0.99998	0.00000	0
56	Q	0.00002	0.99998	0.00000	0
57	C	0.00002	0.99988	0.00011	0
58	R	0.00002	0.99258	0.00741	0
59	P	0.00002	0.94337	0.05661	0
60	W	0.00001	0.09615	0.90383	0
61	R	0.00001	0.03223	0.96775	0
62	K	0.00001	0.03152	0.96847	0
63	N	0.00000	0.0305	0.96950	0
64	A	0.00000	0.01381	0.98618	0
65	C	0.00000	0.01371	0.98629	0
66	C	0.00000	0.01367	0.98633	0
67	S	0.00000	0.01367	0.98633	0
68	T	0.00000	0.01366	0.98634	0
69	N	0.00000	0.01366	0.98634	0
70	T	0.00000	0.01366	0.98634	0
71	S	0.00000	0.01366	0.98634	0
72	Q	0.00000	0.01366	0.98634	0
73	E	0.00000	0.01366	0.98634	0
74	A	0.00000	0.01313	0.98687	0
75	H	0.00000	0.01313	0.98687	0
76	K	0.00000	0.01313	0.98687	0
77	D	0.00009	0.01313	0.98678	0
78	V	0.01142	0.01312	0.97546	0
79	S	0.04808	0.01112	0.94080	0
80	Y	0.36979	0.00014	0.63006	0
81	L	0.93351	1e-05	0.06648	0
82	Y	0.96800	0	0.03200	0
83	R	0.96820	1e-05	0.03179	0
84	F	0.96864	1e-05	0.03135	0
85	N	0.98589	2e-05	0.01409	0
86	W	0.98625	2e-05	0.01374	0
87	N	0.98632	2e-05	0.01367	0
88	H	0.98632	2e-05	0.01366	0
89	C	0.98632	2e-05	0.01366	0
90	G	0.98632	2e-05	0.01366	0
91	E	0.98632	2e-05	0.01366	0
92	M	0.98636	2e-05	0.01362	0
93	A	0.98682	2e-05	0.01316	0
94	P	0.98685	2e-05	0.01313	0
95	A	0.91198	2e-05	0.08801	0
96	C	0.79538	2e-05	0.20460	0
97	K	0.79143	2e-05	0.20855	0
98	R	0.76758	2e-05	0.23240	0
99	H	0.35577	0	0.64422	0
100	F	0.01533	0	0.98467	0
101	I	0.00521	0	0.99479	0
102	Q	0.01075	0	0.98925	0
103	D	0.01517	0	0.98483	0
104	T	0.01390	0	0.98610	0
105	C	0.01313	0	0.98687	0
106	L	0.01313	0	0.98687	0
107	Y	0.01313	0	0.98687	0
108	E	0.01313	0	0.98687	0
109	C	0.01313	0	0.98687	0
110	S	0.01313	0	0.98687	0
111	P	0.01313	0	0.98687	0
112	N	0.01313	0	0.98687	0
113	L	0.01312	0	0.98687	0
114	G	0.01312	0.00015	0.98673	0
115	P	0.01305	0.00637	0.98058	0
116	W	0.01222	0.01712	0.97066	0
117	I	0.01206	0.06216	0.92578	0
118	Q	0.01206	0.21529	0.77265	0
119	Q	0.01206	0.27892	0.70903	0
120	V	0.01206	0.34947	0.63847	0
121	D	0.01206	0.98238	0.00556	0
122	Q	0.01205	0.98392	0.00403	0
123	S	0.01167	0.98457	0.00376	0
124	W	0.00087	0.98531	0.01382	0
125	R	0.00035	0.98669	0.01296	0
126	K	0.00003	0.98685	0.01312	0
127	E	0.00002	0.98685	0.01313	0
128	R	0.00002	0.98685	0.01313	0
129	V	0.00002	0.98685	0.01313	0
130	L	0.00002	0.98685	0.01313	0
131	N	0.00002	0.98685	0.01313	0
132	V	0.00002	0.98685	0.01313	0
133	P	0.00001	0.98686	0.01313	0
134	L	0.00001	0.98686	0.01313	0
135	C	0.00001	0.98727	0.01272	0
136	K	0.00001	0.98789	0.01210	0
137	E	0.00001	0.98793	0.01206	0
138	D	0.00001	0.98793	0.01206	0
139	C	0.00001	0.98793	0.01206	0
140	E	0.00001	0.98793	0.01206	0
141	Q	0.00001	0.98793	0.01206	0
142	W	0.00001	0.98793	0.01206	0
143	W	0.00001	0.9881	0.01189	0
144	E	0.00001	0.99456	0.00543	0
145	D	0.00001	0.99996	0.00003	0
146	C	0.00000	0.99998	0.00002	0
147	R	0.00000	0.99998	0.00002	0
148	T	0.00000	0.99998	0.00002	0
149	S	0.00000	0.99998	0.00002	0
150	Y	0.00000	0.99998	0.00002	0
151	T	0.00000	0.99998	0.00002	0
152	C	0.00000	0.99999	0.00001	0
153	K	0.00000	0.99999	0.00001	0
154	S	0.00000	0.99999	0.00001	0
155	N	0.00000	0.99999	0.00001	0
156	W	0.00000	0.99996	0.00004	0
157	H	0.00000	0.99995	0.00005	0
158	K	0.00000	0.99992	0.00008	0
159	G	0.00000	0.99042	0.00958	0
160	W	0.00000	0.97289	0.02711	0
161	N	0.00000	0.97279	0.02721	0
162	W	0.00000	0.96936	0.03064	0
163	T	0.00000	0.94723	0.05277	0
164	S	0.00000	0.94687	0.05313	0
165	G	0.00000	0.9468	0.05320	0
166	F	0.00000	0.94632	0.05368	0
167	N	0.00000	0.9457	0.05430	0
168	K	0.00000	0.94543	0.05457	0
169	C	0.00000	0.91272	0.08728	0
170	A	0.00000	0.23625	0.76375	0
171	V	0.00000	0.20456	0.79544	0
172	G	0.00000	0.14499	0.85501	0
173	A	0.00000	0.14414	0.85586	0
174	A	0.00000	0.11898	0.88102	0
175	C	0.00000	0.11869	0.88131	0
176	Q	0.00000	0.11074	0.88926	0
177	P	0.00000	0.10654	0.89346	0
178	F	0.00000	0.00019	0.99981	0
179	H	0.00000	0.0001	0.99990	0
180	F	0.00000	0	1.00000	0
181	Y	0.00000	0	1.00000	0
182	F	0.00009	0	0.99991	0
183	P	0.02899	0	0.97101	0
184	T	0.03701	0	0.96299	0
185	P	0.03770	0	0.96230	0
186	T	0.03784	0	0.96216	0
187	V	0.03786	0	0.96214	0
188	L	0.03792	0	0.96208	0
189	C	0.04026	0	0.95974	0
190	N	0.04847	0	0.95153	0
191	E	0.06215	0	0.93785	0
192	I	0.06467	0	0.93533	0
193	W	0.09418	0	0.90582	0
194	T	0.61381	0	0.38619	0
195	H	0.78849	0	0.21151	0
196	S	0.85117	0	0.14883	0
197	Y	0.85828	0	0.14172	0
198	K	0.89239	0	0.10761	0
199	V	0.89671	0	0.10329	0
200	S	0.99881	0	0.00119	0
201	N	0.99975	0	0.00025	0
202	Y	0.99951	0	0.00049	0
203	S	0.99880	0	0.00120	0
204	R	0.99708	0	0.00292	0
205	G	0.99705	0	0.00295	0
206	S	0.89522	0	0.10478	0
207	G	0.86386	0	0.13614	0
208	R	0.83827	0	0.16173	0
209	C	0.82847	0	0.17153	0
210	I	0.00000	0	1.00000	0
211	Q	0.00000	0	1.00000	0
212	M	0.00000	0	1.00000	0
213	W	0.00000	0	1.00000	0
214	F	0.00000	0	1.00000	0
215	D	0.00000	0.00012	0.99988	0
216	P	0.00000	0.00013	0.99987	0
217	A	0.00000	0.00013	0.99987	0
218	Q	0.00000	0.00014	0.99986	0
219	G	0.00000	0.00016	0.99984	0
220	N	0.00000	0.00018	0.99982	0
221	P	0.00000	0.00025	0.99975	0
222	N	0.00000	0.00118	0.99882	0
223	E	0.00000	0.00251	0.99749	0
224	E	0.00000	0.00245	0.99755	0
225	V	0.00000	0.00084	0.99916	0
226	A	0.00000	0.00189	0.99811	0
227	R	0.00000	0.02986	0.97014	0
228	F	0.00000	0.03248	0.96752	0
229	Y	0.00000	0.04425	0.95575	0
230	A	0.00000	0.06445	0.93555	0
231	A	0.00000	0.21137	0.78863	0
232	A	0.00000	0.65468	0.34532	0
233	M	0.00000	0.70841	0.29159	0
234	S	0.00000	0.96577	0.03423	0
235	G	0.00000	0.98265	0.01735	0
236	A	0.00000	0.95012	0.04988	0
237	G	0.00000	0.94485	0.05515	0
238	P	0.00000	0.01561	0.98439	0
239	W	0.00000	0	1.00000	0
240	A	0.00000	0	1.00000	0
241	A	0.00000	0	1.00000	0
242	W	0.00000	0	1.00000	0
243	P	0.00000	0	1.00000	0
244	F	0.00007	0	0.99993	0
245	L	0.00009	0	0.99991	0
246	L	0.00035	0	0.99965	0
247	S	0.00228	0	0.99772	0
248	L	0.00231	0	0.99769	0
249	A	0.00276	0	0.99724	0
250	L	0.00302	0	0.99698	0
251	M	0.00345	0	0.99655	0
252	L	0.00395	0	0.99605	0
253	L	0.00593	0	0.99407	0
254	W	0.00714	0	0.99286	0
255	L	0.01089	0	0.98911	0
256	L	0.04451	0	0.95549	0
257	S	1.00000	0	0.00000	0
