# UNNAMED
#pos	aa	i	o	M	S
1	M	0.00000	0.05288	0.00000	0.94712
2	L	0.00000	0.05288	0.00000	0.94712
3	P	0.00000	0.05288	0.00000	0.94712
4	R	0.00000	0.05262	0.00026	0.94711
5	L	0.00000	0.02142	0.03146	0.94712
6	L	0.00000	0.0192	0.03368	0.94711
7	L	0.00000	0.01833	0.03456	0.94712
8	L	0.00000	0.01687	0.03601	0.94712
9	I	0.00000	0.01654	0.03634	0.94712
10	C	0.00000	0.01654	0.03634	0.94712
11	A	0.00000	0.01654	0.03635	0.94712
12	P	0.00000	0.01653	0.03635	0.94711
13	L	0.00000	0.01652	0.03636	0.94712
14	C	0.00000	0.01671	0.03636	0.94693
15	E	0.00000	0.0167	0.03637	0.94692
16	P	0.00000	0.01623	0.03684	0.94693
17	A	0.00000	0.01547	0.03775	0.94677
18	E	0.00000	0.0144	0.03883	0.94676
19	L	0.00000	0.00216	0.05108	0.94676
20	F	0.00000	0.86161	0.05193	0.08646
21	L	0.00000	0.86146	0.05208	0.08646
22	I	0.00000	0.87824	0.05209	0.06967
23	A	0.00000	0.87823	0.05210	0.06967
24	S	0.00238	0.94765	0.04984	0.00014
25	P	0.01625	0.94729	0.03633	0.00013
26	S	0.02061	0.94727	0.03200	0.00012
27	H	0.02570	0.94738	0.02691	0
28	P	0.03367	0.94739	0.01894	0
29	T	0.03469	0.94739	0.01793	0
30	E	0.03599	0.94739	0.01662	0
31	G	0.03614	0.94739	0.01647	0
32	S	0.03635	0.94739	0.01626	0
33	P	0.03635	0.94739	0.01626	0
34	V	0.03632	0.94739	0.01629	0
35	T	0.03628	0.94739	0.01633	0
36	L	0.03588	0.94739	0.01673	0
37	T	0.03612	0.94739	0.01649	0
38	C	0.03709	0.94739	0.01552	0
39	K	0.05009	0.94739	0.00252	0
40	M	0.05064	0.94739	0.00197	0
41	P	0.05146	0.94739	0.00115	0
42	F	0.01598	0.94739	0.03664	0
43	L	0.01577	0.94739	0.03685	0
44	Q	0.01627	0.94739	0.03635	0
45	S	0.01624	0.94739	0.03637	0
46	S	0.01597	0.94739	0.03664	0
47	D	0.01344	0.94739	0.03917	0
48	A	0.00439	0.94739	0.04822	0
49	Q	0.00122	0.94739	0.05139	0
50	F	0.00000	0.94739	0.05261	0
51	Q	0.00000	0.94739	0.05261	0
52	F	0.00000	0.94739	0.05261	0
53	C	0.00000	0.94742	0.05258	0
54	F	0.00000	0.94743	0.05257	0
55	F	0.00000	0.94744	0.05256	0
56	R	0.00000	0.94759	0.05241	0
57	D	0.00000	0.9476	0.05240	0
58	T	0.00000	0.94757	0.05243	0
59	R	0.00000	0.94764	0.05236	0
60	A	0.00000	0.94761	0.05239	0
61	L	0.00000	0.94724	0.05276	0
62	G	0.00000	0.94741	0.05259	0
63	P	0.00000	0.94991	0.05009	0
64	G	0.00000	0.95752	0.04248	0
65	W	0.00000	0.96136	0.03864	0
66	S	0.00000	0.97764	0.02236	0
67	S	0.00000	0.98254	0.01746	0
68	S	0.00000	0.95387	0.04612	0
69	P	0.00000	0.85205	0.14795	0
70	K	0.00000	0.79006	0.20994	0
71	L	0.00000	0.62457	0.37543	0
72	Q	0.00000	0.62359	0.37641	0
73	I	0.00000	0.50218	0.49782	0
74	A	0.00000	0.45891	0.54108	0
75	A	0.00000	0.45654	0.54346	0
76	M	0.00000	0.45654	0.54346	0
77	W	0.00000	0.45654	0.54346	0
78	K	0.00008	0.45654	0.54337	0
79	E	0.00016	0.45654	0.54330	0
80	D	0.00022	0.42686	0.57292	0
81	T	0.00022	0.35219	0.64759	0
82	G	0.00023	0.35052	0.64925	0
83	S	0.00022	0.35052	0.64925	0
84	Y	0.00022	0.35052	0.64925	0
85	W	0.00023	0.35052	0.64925	0
86	C	0.00027	0.35052	0.64921	0
87	E	0.00232	0.35052	0.64715	0
88	A	0.00685	0.35052	0.64262	0
89	Q	0.36901	0.35052	0.28046	0
90	T	0.37298	0.35052	0.27650	0
91	M	0.37311	0.35052	0.27637	0
92	A	0.37570	0.35052	0.27377	0
93	S	0.47672	0.35052	0.17276	0
94	K	0.52198	0.35052	0.12749	0
95	V	0.52555	0.3505	0.12395	0
96	L	0.53694	0.35046	0.11261	0
97	R	0.54318	0.35045	0.10637	0
98	S	0.54733	0.35042	0.10225	0
99	R	0.59665	0.35037	0.05297	0
100	R	0.59656	0.35036	0.05308	0
101	S	0.59397	0.3503	0.05572	0
102	Q	0.19245	0.34908	0.45847	0
103	I	0.04980	0.34056	0.60964	0
104	N	0.05259	0.34022	0.60719	0
105	V	0.05259	0.33257	0.61484	0
106	H	0.05259	0.33182	0.61560	0
107	R	0.05259	0.33168	0.61573	0
108	V	0.05259	0.33168	0.61573	0
109	P	0.05259	0.33168	0.61573	0
110	V	0.05259	0.33168	0.61573	0
111	A	0.05259	0.33169	0.61572	0
112	D	0.05259	0.33185	0.61556	0
113	V	0.05259	0.33169	0.61572	0
114	S	0.05259	0.33166	0.61575	0
115	L	0.05259	0.33135	0.61606	0
116	E	0.05263	0.33112	0.61625	0
117	T	0.05267	0.32991	0.61742	0
118	Q	0.05273	0.32975	0.61752	0
119	P	0.05275	0.32925	0.61800	0
120	P	0.05266	0.33017	0.61717	0
121	G	0.05042	0.36714	0.58244	0
122	G	0.05217	0.5184	0.42943	0
123	Q	0.05859	0.88227	0.05914	0
124	V	0.05803	0.9253	0.01667	0
125	M	0.04753	0.92542	0.02705	0
126	E	0.04244	0.92542	0.03214	0
127	G	0.02234	0.92542	0.05225	0
128	D	0.02016	0.92542	0.05442	0
129	R	0.01904	0.74537	0.23559	0
130	L	0.00372	0.59969	0.39660	0
131	V	0.00194	0.59696	0.40111	0
132	L	0.00007	0.59689	0.40304	0
133	I	0.00002	0.59688	0.40310	0
134	C	0.00038	0.59687	0.40275	0
135	S	0.00052	0.59661	0.40286	0
136	V	0.00062	0.5957	0.40368	0
137	A	0.00117	0.59511	0.40372	0
138	M	0.00224	0.40664	0.59112	0
139	G	0.00281	0.27882	0.71837	0
140	T	0.00296	0.21721	0.77983	0
141	G	0.00301	0.06718	0.92981	0
142	D	0.00301	0.0159	0.98109	0
143	I	0.00265	0.00651	0.99083	0
144	T	0.00258	0.00454	0.99288	0
145	F	0.00017	0.0039	0.99592	0
146	L	0.00009	0.00444	0.99547	0
147	W	0.00428	0.01084	0.98489	0
148	Y	0.07684	0.03275	0.89040	0
149	K	0.31559	0.05406	0.63035	0
150	G	0.32570	0.05633	0.61797	0
151	A	0.32678	0.05912	0.61410	0
152	V	0.32757	0.06726	0.60517	0
153	G	0.30716	0.06967	0.62317	0
154	L	0.21888	0.07122	0.70991	0
155	N	0.03245	0.07141	0.89614	0
156	L	0.00558	0.07141	0.92301	0
157	Q	0.00324	0.07143	0.92533	0
158	S	0.00318	0.07142	0.92539	0
159	K	0.00515	0.07141	0.92344	0
160	T	0.01105	0.07129	0.91766	0
161	Q	0.04145	0.07131	0.88724	0
162	R	0.56060	0.07159	0.36782	0
163	S	0.56859	0.07173	0.35968	0
164	L	0.59480	0.0729	0.33230	0
165	T	0.59506	0.07346	0.33148	0
166	A	0.59688	0.07405	0.32907	0
167	E	0.59689	0.07421	0.32890	0
168	Y	0.59689	0.07422	0.32889	0
169	E	0.59689	0.07423	0.32888	0
170	I	0.59689	0.07424	0.32887	0
171	P	0.59689	0.0748	0.32831	0
172	S	0.59689	0.07914	0.32397	0
173	V	0.59689	0.09055	0.31256	0
174	R	0.59689	0.25008	0.15303	0
175	E	0.59689	0.38539	0.01772	0
176	S	0.59689	0.39978	0.00333	0
177	D	0.59689	0.39979	0.00332	0
178	A	0.59596	0.39969	0.00435	0
179	E	0.59428	0.3997	0.00602	0
180	Q	0.58328	0.39085	0.02588	0
181	Y	0.10732	0.33104	0.56165	0
182	Y	0.01744	0.32893	0.65363	0
183	C	0.00021	0.33025	0.66953	0
184	V	0.00019	0.32978	0.67003	0
185	A	0.00017	0.32978	0.67005	0
186	E	0.00017	0.32988	0.66995	0
187	N	0.00017	0.32978	0.67005	0
188	G	0.00017	0.32857	0.67126	0
189	Y	0.00017	0.3283	0.67152	0
190	G	0.00017	0.3282	0.67163	0
191	P	0.00017	0.32823	0.67160	0
192	S	0.00017	0.32825	0.67157	0
193	P	0.00017	0.32824	0.67159	0
194	S	0.00014	0.32824	0.67162	0
195	G	0.00005	0.32824	0.67171	0
196	L	0.00002	0.32824	0.67174	0
197	V	0.00002	0.32824	0.67174	0
198	S	0.00001	0.32827	0.67172	0
199	I	0.00000	0.32837	0.67163	0
200	T	0.00000	0.33286	0.66714	0
201	V	0.00038	0.38376	0.61586	0
202	R	0.00358	0.76061	0.23581	0
203	I	0.01743	0.78968	0.19289	0
204	P	0.04682	0.8917	0.06148	0
205	V	0.04909	0.90004	0.05087	0
206	S	0.06971	0.91318	0.01710	0
207	R	0.07276	0.91436	0.01288	0
208	P	0.07276	0.91426	0.01298	0
209	I	0.07276	0.62482	0.30242	0
210	L	0.07278	0.61329	0.31393	0
211	M	0.07303	0.61251	0.31446	0
212	L	0.07443	0.59729	0.32828	0
213	R	0.07454	0.59716	0.32830	0
214	A	0.07462	0.59693	0.32844	0
215	P	0.07469	0.59699	0.32832	0
216	R	0.07469	0.59703	0.32827	0
217	A	0.07469	0.59633	0.32898	0
218	Q	0.07469	0.59286	0.33245	0
219	A	0.07452	0.59282	0.33267	0
220	A	0.07412	0.59282	0.33307	0
221	V	0.07349	0.59188	0.33463	0
222	E	0.07345	0.59188	0.33467	0
223	D	0.07319	0.59083	0.33598	0
224	V	0.05287	0.57157	0.37557	0
225	L	0.05267	0.56737	0.37996	0
226	E	0.05272	0.56736	0.37991	0
227	L	0.06231	0.56736	0.37032	0
228	H	0.18208	0.56708	0.25084	0
229	C	0.18768	0.56698	0.24534	0
230	E	0.19247	0.56692	0.24060	0
231	A	0.37699	0.56639	0.05662	0
232	L	0.37893	0.56636	0.05472	0
233	R	0.37952	0.56636	0.05413	0
234	G	0.37998	0.56636	0.05366	0
235	S	0.38064	0.56636	0.05301	0
236	P	0.38066	0.56636	0.05298	0
237	P	0.38066	0.56635	0.05299	0
238	I	0.38064	0.56613	0.05323	0
239	L	0.38063	0.56027	0.05910	0
240	Y	0.38062	0.51099	0.10839	0
241	W	0.38058	0.33018	0.28923	0
242	F	0.38033	0.33025	0.28942	0
243	Y	0.38089	0.33149	0.28762	0
244	H	0.38571	0.34184	0.27245	0
245	E	0.40429	0.35198	0.24373	0
246	D	0.39405	0.35195	0.25400	0
247	I	0.30856	0.02382	0.66762	0
248	T	0.04515	0.02212	0.93273	0
249	L	0.02985	0.0221	0.94805	0
250	G	0.02984	0.02209	0.94807	0
251	S	0.03009	0.0221	0.94781	0
252	R	0.03036	0.02219	0.94745	0
253	S	0.03044	0.0222	0.94736	0
254	A	0.03053	0.02221	0.94726	0
255	P	0.03067	0.02224	0.94708	0
256	S	0.03069	0.02227	0.94704	0
257	G	0.03070	0.02228	0.94701	0
258	G	0.03070	0.02228	0.94701	0
259	G	0.03070	0.02229	0.94701	0
260	A	0.03070	0.02229	0.94701	0
261	S	0.03078	0.02229	0.94693	0
262	F	0.03101	0.0223	0.94670	0
263	N	0.04555	0.02242	0.93203	0
264	L	0.05476	0.02247	0.92277	0
265	S	0.15705	0.02317	0.81978	0
266	L	0.17159	0.02422	0.80419	0
267	T	0.28568	0.09442	0.61990	0
268	E	0.53564	0.3767	0.08766	0
269	E	0.58977	0.40111	0.00912	0
270	H	0.59308	0.40222	0.00470	0
271	S	0.59665	0.40272	0.00062	0
272	G	0.59699	0.40289	0.00012	0
273	N	0.59706	0.40293	0.00001	0
274	Y	0.59706	0.40294	0.00000	0
275	S	0.59706	0.40294	0.00000	0
276	C	0.59706	0.40294	0.00000	0
277	E	0.59706	0.40294	0.00000	0
278	A	0.59706	0.40294	0.00000	0
279	N	0.59706	0.40294	0.00000	0
280	N	0.59664	0.40294	0.00042	0
281	G	0.55851	0.40294	0.03855	0
282	L	0.00126	0.40294	0.59580	0
283	G	0.00002	0.40294	0.59704	0
284	A	0.00002	0.40294	0.59704	0
285	Q	0.00002	0.40294	0.59704	0
286	R	0.00002	0.40294	0.59704	0
287	S	0.00002	0.40294	0.59704	0
288	E	0.00002	0.40294	0.59704	0
289	A	0.00000	0.40294	0.59706	0
290	V	0.00000	0.40294	0.59706	0
291	T	0.00000	0.40294	0.59706	0
292	L	0.00000	0.40294	0.59706	0
293	N	0.00000	0.40294	0.59706	0
294	F	0.00000	0.40294	0.59706	0
295	T	0.00000	0.40294	0.59706	0
296	V	0.00000	0.40294	0.59706	0
297	P	0.00000	0.40294	0.59706	0
298	T	0.00000	0.40294	0.59706	0
299	G	0.00000	0.40297	0.59703	0
300	A	0.00000	0.40386	0.59614	0
301	R	0.00000	0.4855	0.51450	0
302	S	0.00000	0.53569	0.46431	0
303	N	0.00000	0.74226	0.25774	0
304	H	0.00000	0.7969	0.20310	0
305	L	0.00000	0.84601	0.15399	0
306	T	0.00000	0.67302	0.32698	0
307	S	0.00000	0.61837	0.38163	0
308	G	0.00000	0.5917	0.40830	0
309	V	0.00000	0.11715	0.88285	0
310	I	0.00000	0.00193	0.99807	0
311	E	0.00000	0.00068	0.99932	0
312	G	0.00000	0.00019	0.99981	0
313	L	0.00000	0	1.00000	0
314	L	0.00000	0	1.00000	0
315	S	0.00000	0	1.00000	0
316	T	0.00000	0	1.00000	0
317	L	0.00000	0	1.00000	0
318	G	0.00000	0	1.00000	0
319	P	0.00000	0	1.00000	0
320	A	0.00000	0	1.00000	0
321	T	0.00000	0	1.00000	0
322	V	0.00001	0	0.99999	0
323	A	0.00004	0	0.99996	0
324	L	0.00005	0	0.99995	0
325	L	0.00011	0	0.99989	0
326	F	0.00096	0	0.99904	0
327	C	0.00496	0	0.99504	0
328	Y	0.01250	0	0.98749	0
329	G	0.16252	0	0.83748	0
330	L	0.55869	0	0.44130	0
331	K	0.99454	0	0.00546	0
332	R	0.99982	0	0.00018	0
333	K	0.99997	0	0.00003	0
334	I	0.99997	0	0.00003	0
335	G	0.99998	0	0.00001	0
336	R	1.00000	0	0.00000	0
337	R	1.00000	0	0.00000	0
338	S	1.00000	0	0.00000	0
339	A	1.00000	0	0.00000	0
340	R	1.00000	0	0.00000	0
341	D	1.00000	0	0.00000	0
342	P	0.98605	0	0.01395	0
343	L	0.80222	0	0.19778	0
344	R	0.79960	0	0.20040	0
345	S	0.79959	0	0.20041	0
346	L	0.79863	0	0.20137	0
347	P	0.79830	0	0.20170	0
348	S	0.79823	0	0.20176	0
349	P	0.79823	0	0.20176	0
350	L	0.79823	0	0.20176	0
351	P	0.79823	0	0.20176	0
352	Q	0.79823	0	0.20176	0
353	E	0.79823	0	0.20176	0
354	F	0.65095	0	0.34905	0
355	T	0.64979	0	0.35021	0
356	Y	0.64975	0	0.35025	0
357	L	0.64975	0	0.35025	0
358	N	0.64975	0	0.35025	0
359	S	0.64975	0	0.35025	0
360	P	0.64975	3e-05	0.35022	0
361	T	0.64969	0.00098	0.34933	0
362	P	0.64969	0.00472	0.34559	0
363	G	0.64969	0.01493	0.33538	0
364	Q	0.64967	0.02611	0.32422	0
365	L	0.64967	0.03162	0.31871	0
366	Q	0.64967	0.11118	0.23915	0
367	P	0.64967	0.12517	0.22516	0
368	I	0.64967	0.12411	0.22622	0
369	Y	0.64967	0.17272	0.17761	0
370	E	0.64967	0.18849	0.16184	0
371	N	0.64967	0.18799	0.16234	0
372	V	0.64967	0.188	0.16233	0
373	N	0.64967	0.19115	0.15918	0
374	V	0.64967	0.19656	0.15377	0
375	V	0.64967	0.21409	0.13624	0
376	S	0.64967	0.28279	0.06754	0
377	G	0.64967	0.32284	0.02749	0
378	D	0.64967	0.33638	0.01395	0
379	E	0.64967	0.32776	0.02257	0
380	V	0.64967	0.28513	0.06520	0
381	Y	0.64967	0.25998	0.09035	0
382	S	0.64967	0.20291	0.14742	0
383	L	0.64967	0.0175	0.33283	0
384	A	0.64967	0.00296	0.34736	0
385	Y	0.64977	0.00287	0.34737	0
386	Y	0.65018	0.00287	0.34695	0
387	N	0.65175	0.00288	0.34536	0
388	Q	0.65933	0.00288	0.33779	0
389	P	0.66014	0.00288	0.33698	0
390	E	0.66342	0.00287	0.33371	0
391	Q	0.66342	0.00283	0.33375	0
392	E	0.66342	0.00276	0.33382	0
393	S	0.66342	0.00191	0.33467	0
394	V	0.66342	9e-05	0.33649	0
395	A	0.66342	0	0.33658	0
396	A	0.66342	0	0.33658	0
397	E	0.66342	0	0.33658	0
398	T	0.66342	0	0.33658	0
399	L	0.66342	0	0.33658	0
400	G	0.66342	0	0.33658	0
401	T	0.66342	0	0.33658	0
402	H	0.66342	0	0.33658	0
403	M	0.73807	0	0.26193	0
404	E	0.99712	0	0.00288	0
405	D	0.99712	0	0.00288	0
406	K	0.99712	0	0.00288	0
407	V	0.99712	0	0.00288	0
408	S	0.99712	0	0.00288	0
409	L	0.99712	0	0.00288	0
410	D	0.99712	0	0.00288	0
411	I	0.99712	0	0.00288	0
412	Y	0.99718	0	0.00282	0
413	S	0.99751	0	0.00249	0
414	R	1.00000	0	0.00000	0
415	L	1.00000	0	0.00000	0
416	R	1.00000	0	0.00000	0
417	K	1.00000	0	0.00000	0
418	A	1.00000	0	0.00000	0
419	N	1.00000	0	0.00000	0
420	I	1.00000	0	0.00000	0
421	T	1.00000	0	0.00000	0
422	D	1.00000	0	0.00000	0
423	V	1.00000	0	0.00000	0
424	D	1.00000	0	0.00000	0
425	Y	1.00000	0	0.00000	0
426	E	1.00000	0	0.00000	0
427	D	1.00000	0	0.00000	0
428	A	1.00000	0	0.00000	0
429	M	1.00000	0	0.00000	0
