# UNNAMED
#pos	aa	i	o	M	S
1	M	0.00000	0.03871	0.00000	0.96129
2	D	0.00000	0.03871	0.00000	0.96129
3	Y	0.00000	0.03871	0.00000	0.96129
4	P	0.00000	0.0387	0.00001	0.9613
5	T	0.00000	0.03868	0.00003	0.96129
6	L	0.00000	0.03867	0.00004	0.96129
7	L	0.00000	0.03867	0.00004	0.96129
8	L	0.00000	0.03865	0.00006	0.96129
9	A	0.00000	0.03865	0.00006	0.96129
10	L	0.00000	0.03864	0.00007	0.96129
11	L	0.00000	0.03864	0.00007	0.96129
12	H	0.00000	0.03864	0.00007	0.96129
13	V	0.00000	0.03864	0.00007	0.9613
14	Y	0.00000	0.03864	0.00007	0.96129
15	R	0.00000	0.03864	0.00007	0.96129
16	A	0.00000	0.03864	0.00007	0.96129
17	L	0.00000	0.03864	0.00007	0.96129
18	C	0.00000	0.03864	0.00007	0.96128
19	E	0.00000	0.9301	0.00008	0.06982
20	E	0.00000	0.96566	0.00093	0.0334
21	V	0.00000	0.98381	0.01275	0.00344
22	L	0.00000	0.98358	0.01298	0.00344
23	W	0.00000	0.98354	0.01302	0.00344
24	H	0.00000	0.98695	0.01302	3e-05
25	T	0.00001	0.98696	0.01302	1e-05
26	S	0.00003	0.98697	0.01299	0
27	V	0.00004	0.98697	0.01299	0
28	P	0.00007	0.98697	0.01296	0
29	F	0.00007	0.98697	0.01296	0
30	A	0.00007	0.98697	0.01296	0
31	E	0.00007	0.98697	0.01296	0
32	N	0.00007	0.98697	0.01296	0
33	M	0.00006	0.98697	0.01297	0
34	S	0.00006	0.98697	0.01297	0
35	L	0.00001	0.98697	0.01302	0
36	E	0.00001	0.98697	0.01302	0
37	C	0.00001	0.98697	0.01302	0
38	V	0.00001	0.98696	0.01303	0
39	Y	0.00015	0.98695	0.01290	0
40	P	0.01063	0.98695	0.00242	0
41	S	0.01159	0.98694	0.00147	0
42	M	0.01257	0.98689	0.00054	0
43	G	0.01292	0.9865	0.00058	0
44	I	0.01290	0.98588	0.00122	0
45	L	0.01288	0.98587	0.00125	0
46	T	0.01284	0.9854	0.00176	0
47	Q	0.01229	0.98463	0.00308	0
48	V	0.00355	0.94897	0.04748	0
49	E	0.00054	0.92008	0.07938	0
50	W	0.00006	0.59814	0.40180	0
51	F	0.00001	0.51859	0.48140	0
52	K	0.00001	0.4975	0.50249	0
53	I	0.00000	1e-05	0.99999	0
54	G	0.00000	2e-05	0.99998	0
55	T	0.00000	6e-05	0.99994	0
56	Q	0.00000	7e-05	0.99993	0
57	Q	0.00000	7e-05	0.99993	0
58	D	0.00000	7e-05	0.99993	0
59	S	0.00000	7e-05	0.99993	0
60	I	0.00000	7e-05	0.99993	0
61	A	0.00000	7e-05	0.99993	0
62	I	0.00000	7e-05	0.99993	0
63	F	0.00000	7e-05	0.99993	0
64	S	0.00023	8e-05	0.99969	0
65	P	0.00099	0.00014	0.99887	0
66	T	0.00108	0.00165	0.99727	0
67	H	0.00125	0.01219	0.98656	0
68	G	0.00168	0.01248	0.98584	0
69	M	0.00221	0.01252	0.98527	0
70	V	0.00593	0.01301	0.98106	0
71	I	0.04288	0.01301	0.94411	0
72	R	0.98486	0.01302	0.00212	0
73	K	0.98686	0.01302	0.00012	0
74	P	0.98697	0.01303	0.00000	0
75	Y	0.98696	0.01303	0.00001	0
76	A	0.98695	0.01303	0.00002	0
77	E	0.98679	0.01303	0.00018	0
78	R	0.98483	0.00161	0.01356	0
79	V	0.10331	0.0007	0.89599	0
80	Y	0.00312	0.00037	0.99651	0
81	F	0.00013	0.00015	0.99972	0
82	L	0.00003	0.00011	0.99985	0
83	N	0.00003	0.00011	0.99986	0
84	S	0.00003	2e-05	0.99995	0
85	T	0.00003	2e-05	0.99995	0
86	M	0.00001	2e-05	0.99997	0
87	A	0.00000	2e-05	0.99998	0
88	S	0.00000	2e-05	0.99998	0
89	N	0.00000	2e-05	0.99998	0
90	N	0.00000	2e-05	0.99998	0
91	M	0.00000	2e-05	0.99998	0
92	T	0.00000	2e-05	0.99998	0
93	L	0.00000	2e-05	0.99998	0
94	F	0.00000	2e-05	0.99998	0
95	F	0.00000	2e-05	0.99998	0
96	R	0.00000	0.00722	0.99278	0
97	N	0.00000	0.12156	0.87844	0
98	A	0.00000	0.24791	0.75208	0
99	S	0.00008	0.87534	0.12458	0
100	E	0.00017	0.98296	0.01687	0
101	D	0.00326	0.98661	0.01013	0
102	D	0.00334	0.98671	0.00996	0
103	V	0.00669	0.98671	0.00660	0
104	G	0.01115	0.98676	0.00210	0
105	Y	0.01288	0.98686	0.00026	0
106	Y	0.01301	0.98689	0.00010	0
107	S	0.01301	0.98671	0.00028	0
108	C	0.01301	0.98596	0.00103	0
109	S	0.01301	0.90238	0.08461	0
110	L	0.01301	0.62284	0.36415	0
111	Y	0.01301	0.22528	0.76171	0
112	T	0.01301	0.09447	0.89252	0
113	Y	0.01301	0.06698	0.92001	0
114	P	0.01301	0.06655	0.92044	0
115	Q	0.01301	0.06574	0.92125	0
116	G	0.01300	0.06574	0.92127	0
117	T	0.01299	0.06574	0.92127	0
118	W	0.01298	0.06574	0.92128	0
119	Q	0.01297	0.06573	0.92129	0
120	K	0.01248	0.0657	0.92182	0
121	V	0.00044	0.05982	0.93975	0
122	I	0.00001	0.05032	0.94967	0
123	Q	0.00001	0.05003	0.94996	0
124	V	0.00002	0.00025	0.99974	0
125	V	0.00002	0	0.99998	0
126	Q	0.00002	0	0.99998	0
127	S	0.00002	0	0.99998	0
128	D	0.00015	0	0.99985	0
129	S	0.01130	0	0.98869	0
130	F	0.14490	0	0.85510	0
131	E	0.31132	0	0.68867	0
132	A	0.58866	0	0.41134	0
133	A	0.92107	0	0.07893	0
134	V	0.92120	0	0.07880	0
135	P	0.92125	0	0.07874	0
136	S	0.92125	1e-05	0.07874	0
137	N	0.92125	2e-05	0.07873	0
138	S	0.92125	2e-05	0.07873	0
139	H	0.92124	2e-05	0.07873	0
140	I	0.92124	3e-05	0.07872	0
141	V	0.92124	0.00081	0.07794	0
142	S	0.92124	0.00893	0.06983	0
143	E	0.92125	0.0129	0.06584	0
144	P	0.98341	0.01301	0.00358	0
145	G	0.93865	0.01301	0.04834	0
146	K	0.83275	0.01301	0.15424	0
147	N	0.22974	0.01301	0.75725	0
148	V	0.07199	0.01301	0.91500	0
149	T	0.06587	0.01301	0.92112	0
150	L	0.06573	0.01301	0.92126	0
151	T	0.06573	0.01301	0.92126	0
152	C	0.06573	0.01301	0.92126	0
153	Q	0.06574	0.01301	0.92125	0
154	P	0.06574	0.01301	0.92125	0
155	Q	0.06574	0.01301	0.92125	0
156	M	0.06574	0.01301	0.92125	0
157	T	0.06574	0.01301	0.92125	0
158	W	0.06573	0.01301	0.92126	0
159	P	0.06572	0.01301	0.92127	0
160	V	0.05734	0.01301	0.92965	0
161	Q	0.05595	0.01298	0.93107	0
162	A	0.03479	0.01279	0.95242	0
163	V	0.00359	0.01287	0.98355	0
164	R	0.00253	0.02061	0.97686	0
165	W	0.00064	0.03677	0.96258	0
166	E	0.00063	0.68694	0.31243	0
167	K	0.00027	0.83996	0.15977	0
168	I	0.00000	0.84824	0.15175	0
169	Q	0.00000	0.93303	0.06697	0
170	P	0.00000	0.93362	0.06638	0
171	R	0.00000	0.93374	0.06626	0
172	Q	0.00000	0.93375	0.06625	0
173	I	0.00000	0.93375	0.06625	0
174	D	0.00000	0.93375	0.06625	0
175	L	0.00000	0.93373	0.06627	0
176	L	0.00000	0.93373	0.06627	0
177	T	0.00000	0.93373	0.06627	0
178	Y	0.00000	0.93373	0.06627	0
179	C	0.00000	0.93431	0.06569	0
180	N	0.00000	0.93657	0.06343	0
181	L	0.00000	0.93728	0.06272	0
182	V	0.00000	0.94334	0.05666	0
183	H	0.00010	0.98118	0.01873	0
184	G	0.00014	0.98656	0.01330	0
185	R	0.00022	0.99805	0.00173	0
186	N	0.00023	0.99839	0.00137	0
187	F	0.00023	0.99795	0.00182	0
188	T	0.00027	0.99811	0.00162	0
189	S	0.00029	0.99811	0.00160	0
190	K	0.00049	0.99812	0.00138	0
191	F	0.00050	0.99805	0.00145	0
192	P	0.00052	0.998	0.00148	0
193	R	0.00052	0.9979	0.00158	0
194	Q	0.00052	0.99777	0.00171	0
195	I	0.00052	0.99767	0.00181	0
196	V	0.00052	0.9974	0.00208	0
197	S	0.00052	0.99717	0.00231	0
198	N	0.00054	0.98177	0.01769	0
199	C	0.00053	0.96979	0.02967	0
200	S	0.00053	0.42295	0.57652	0
201	H	0.00053	0.30039	0.69907	0
202	G	0.00053	0.26259	0.73688	0
203	R	0.00024	0.14689	0.85287	0
204	W	0.00021	0.09254	0.90725	0
205	S	0.00019	0.01752	0.98229	0
206	V	0.00015	1e-05	0.99984	0
207	I	0.00016	1e-05	0.99982	0
208	V	0.00063	1e-05	0.99936	0
209	I	0.00070	1e-05	0.99928	0
210	P	0.00132	1e-05	0.99867	0
211	D	0.00144	1e-05	0.99855	0
212	V	0.00144	1e-05	0.99855	0
213	T	0.00145	1e-05	0.99854	0
214	V	0.00145	1e-05	0.99853	0
215	S	0.00150	1e-05	0.99849	0
216	D	0.00179	1e-05	0.99820	0
217	S	0.00178	0	0.99822	0
218	G	0.00165	0	0.99835	0
219	L	0.00166	0	0.99834	0
220	Y	0.00096	0	0.99904	0
221	R	0.00786	0	0.99213	0
222	C	0.00843	0	0.99156	0
223	Y	0.02704	0	0.97295	0
224	L	0.27911	3e-05	0.72086	0
225	Q	0.98357	0.00032	0.01611	0
226	A	0.99232	0.00035	0.00733	0
227	S	0.99378	0.00035	0.00586	0
228	A	0.99589	0.00039	0.00372	0
229	G	0.99706	0.00043	0.00251	0
230	E	0.99807	0.00044	0.00149	0
231	N	0.99813	0.00044	0.00143	0
232	E	0.99813	0.00044	0.00143	0
233	T	0.99641	0.00044	0.00315	0
234	F	0.42651	0.00044	0.57305	0
235	V	0.33004	0.00044	0.66952	0
236	M	0.32688	0.00044	0.67268	0
237	R	0.32685	0.00044	0.67270	0
238	L	0.32685	0.00044	0.67270	0
239	T	0.32685	0.00046	0.67269	0
240	V	0.32686	0.00048	0.67266	0
241	A	0.32686	0.00073	0.67240	0
242	E	0.32686	0.00185	0.67129	0
243	G	0.32686	0.00185	0.67128	0
244	K	0.32686	0.00186	0.67128	0
245	T	0.32686	0.00186	0.67128	0
246	D	0.32686	0.00186	0.67128	0
247	N	0.32686	0.00185	0.67128	0
248	Q	0.32654	0.00183	0.67164	0
249	Y	0.32174	0.0014	0.67686	0
250	T	0.12804	0.0004	0.87156	0
251	L	0.00462	0.00013	0.99525	0
252	F	0.00099	0.00019	0.99882	0
253	V	0.00001	0.01702	0.98297	0
254	A	0.00000	0.20927	0.79073	0
255	G	0.00000	0.60694	0.39305	0
256	G	0.00000	0.65713	0.34287	0
257	T	0.00000	0.24176	0.75824	0
258	V	0.00000	0.00183	0.99817	0
259	L	0.00000	0	1.00000	0
260	L	0.00000	0	1.00000	0
261	L	0.00000	0	1.00000	0
262	L	0.00000	0	1.00000	0
263	F	0.00000	0	1.00000	0
264	V	0.00000	0	1.00000	0
265	I	0.00000	0	1.00000	0
266	S	0.00000	0	1.00000	0
267	I	0.00000	0	1.00000	0
268	T	0.00000	0	1.00000	0
269	T	0.00000	0	1.00000	0
270	I	0.00001	0	0.99999	0
271	I	0.00002	4e-05	0.99994	0
272	V	0.00017	0.0005	0.99933	0
273	I	0.00057	0.00287	0.99656	0
274	F	0.00106	0.01409	0.98484	0
275	L	0.00364	0.07058	0.92578	0
276	N	0.03979	0.30273	0.65748	0
277	R	0.67314	0.32595	0.00092	0
278	R	0.67314	0.32683	0.00003	0
279	R	0.67314	0.32686	0.00000	0
280	R	0.67314	0.32686	0.00000	0
281	R	0.67314	0.32686	0.00000	0
282	E	0.67314	0.32686	0.00000	0
283	R	0.67314	0.32686	0.00000	0
284	R	0.67314	0.32686	0.00000	0
285	D	0.67314	0.32686	0.00001	0
286	L	0.67314	0.32684	0.00003	0
287	F	0.67314	0.3264	0.00046	0
288	T	0.67314	0.32636	0.00050	0
289	E	0.67314	0.32632	0.00055	0
290	S	0.67314	0.32622	0.00064	0
291	W	0.67314	0.31418	0.01268	0
292	D	0.67314	0.31244	0.01443	0
293	T	0.67314	0.30859	0.01828	0
294	Q	0.67314	0.30575	0.02111	0
295	K	0.67314	0.30245	0.02442	0
296	A	0.67314	0.29291	0.03396	0
297	P	0.67314	0.11949	0.20738	0
298	N	0.67314	0.07415	0.25271	0
299	N	0.67314	0.07279	0.25408	0
300	Y	0.67314	0.07231	0.25455	0
301	R	0.67314	0.0721	0.25477	0
302	S	0.67314	0.07038	0.25648	0
303	P	0.67314	0.06809	0.25878	0
304	I	0.67314	0.04442	0.28245	0
305	S	0.67314	0.04361	0.28326	0
306	T	0.67314	0.03956	0.28731	0
307	S	0.67317	0.03675	0.29008	0
308	Q	0.67349	0.02374	0.30277	0
309	P	0.67355	0.02087	0.30558	0
310	T	0.67370	0.00136	0.32495	0
311	N	0.68034	2e-05	0.31963	0
312	Q	0.68245	0	0.31755	0
313	S	0.68271	0	0.31729	0
314	M	0.68592	0	0.31408	0
315	D	0.69748	0	0.30252	0
316	D	0.71293	0	0.28707	0
317	T	0.75168	0	0.24832	0
318	R	0.92714	0	0.07286	0
319	E	0.92714	0	0.07286	0
320	D	0.92714	0	0.07286	0
321	I	0.92714	0	0.07286	0
322	Y	0.92714	0	0.07286	0
323	V	0.92714	0	0.07286	0
324	N	0.92714	0	0.07286	0
325	Y	0.92877	0	0.07123	0
326	P	0.94744	0	0.05256	0
327	T	0.95744	0	0.04256	0
328	F	0.96009	0	0.03991	0
329	S	0.96845	0	0.03155	0
330	R	1.00000	0	0.00000	0
331	R	1.00000	0	0.00000	0
332	P	1.00000	0	0.00000	0
333	K	1.00000	0	0.00000	0
334	T	1.00000	0	0.00000	0
335	R	1.00000	0	0.00000	0
336	V	1.00000	0	0.00000	0
