# UNNAMED
#pos	aa	i	o	M	S
1	M	0.00000	1	0.00000	0
2	D	0.00000	1	0.00000	0
3	G	0.00000	1	0.00000	0
4	E	0.00000	1	0.00000	0
5	A	0.00000	1	0.00000	0
6	T	0.00000	1	0.00000	0
7	V	0.00000	1	0.00000	0
8	K	0.00000	1	0.00000	0
9	P	0.00000	1	0.00000	0
10	G	0.00000	1	0.00000	0
11	E	0.00000	1	0.00000	0
12	Q	0.00000	1	0.00000	0
13	K	0.00000	1	0.00000	0
14	E	0.00000	0.99994	0.00005	0
15	V	0.00000	0.99947	0.00053	0
16	V	0.00000	0.99878	0.00121	0
17	R	0.00000	0.99874	0.00126	0
18	R	0.00000	0.99755	0.00245	0
19	G	0.00000	0.99755	0.00245	0
20	R	0.00000	0.99754	0.00246	0
21	E	0.00000	0.99751	0.00249	0
22	V	0.00000	0.99713	0.00287	0
23	D	0.00000	0.99712	0.00287	0
24	Y	0.00000	0.84278	0.15722	0
25	S	0.00000	0.83989	0.16011	0
26	R	0.00000	0.83946	0.16054	0
27	L	0.00000	0.8381	0.16190	0
28	I	0.00000	0.8381	0.16190	0
29	A	0.00000	0.8381	0.16190	0
30	G	0.00000	0.8381	0.16190	0
31	T	0.00000	0.8381	0.16190	0
32	L	0.00000	0.8381	0.16190	0
33	P	0.00003	0.8381	0.16187	0
34	Q	0.00006	0.8381	0.16184	0
35	S	0.00007	0.8381	0.16183	0
36	H	0.00011	0.8381	0.16179	0
37	V	0.00029	0.8381	0.16161	0
38	T	0.00143	0.8381	0.16047	0
39	S	0.00215	0.8381	0.15975	0
40	R	0.00265	0.83806	0.15929	0
41	R	0.06937	0.82882	0.10181	0
42	A	0.08091	0.69857	0.22052	0
43	G	0.12928	0.49605	0.37467	0
44	W	0.15219	0.42756	0.42025	0
45	K	0.16190	0.4247	0.41340	0
46	M	0.16190	0.41985	0.41825	0
47	P	0.16190	0.41876	0.41934	0
48	L	0.02960	0.41873	0.55167	0
49	F	0.00284	0.41873	0.57843	0
50	L	0.00002	0.41873	0.58124	0
51	I	0.00000	0.41873	0.58126	0
52	L	0.00000	0.41873	0.58126	0
53	C	0.00000	0.41873	0.58126	0
54	L	0.00000	0.41873	0.58126	0
55	L	0.00000	0.41873	0.58126	0
56	Q	0.00000	0.41873	0.58126	0
57	G	0.00000	0.41873	0.58126	0
58	S	0.00000	0.41873	0.58126	0
59	S	0.00000	0.41873	0.58126	0
60	F	0.00001	0.41873	0.58126	0
61	A	0.00056	0.41873	0.58070	0
62	L	0.01149	0.41873	0.56977	0
63	P	0.35394	0.41874	0.22733	0
64	Q	0.41203	0.41874	0.16923	0
65	K	0.41915	0.41889	0.16196	0
66	R	0.41935	0.42361	0.15705	0
67	P	0.41936	0.44042	0.14022	0
68	H	0.41936	0.58063	0.00001	0
69	P	0.41936	0.58063	0.00000	0
70	R	0.41459	0.58063	0.00478	0
71	W	0.09942	0.58063	0.31995	0
72	L	0.01598	0.58063	0.40338	0
73	W	0.00041	0.58063	0.41895	0
74	E	0.00040	0.58063	0.41897	0
75	G	0.00038	0.58063	0.41899	0
76	S	0.00038	0.58063	0.41899	0
77	L	0.00037	0.58063	0.41899	0
78	P	0.00037	0.58063	0.41899	0
79	S	0.00000	0.58059	0.41941	0
80	R	0.00000	0.4546	0.54540	0
81	T	0.00000	0.42687	0.57313	0
82	H	0.00000	0.41947	0.58053	0
83	L	0.00000	0.4189	0.58110	0
84	R	0.00000	0.41889	0.58111	0
85	A	0.00000	0.41889	0.58111	0
86	M	0.00000	0.41889	0.58111	0
87	G	0.00000	0.41889	0.58111	0
88	T	0.00000	0.41892	0.58108	0
89	L	0.00000	0.42057	0.57943	0
90	R	0.00000	0.47872	0.52128	0
91	P	0.00000	0.55936	0.44064	0
92	S	0.00000	0.75739	0.24261	0
93	S	0.00000	0.78283	0.21717	0
94	P	0.00000	0.79024	0.20976	0
95	L	0.00000	0.80612	0.19388	0
96	C	0.00000	0.83822	0.16178	0
97	W	0.00000	0.83822	0.16178	0
98	R	0.00000	0.83824	0.16176	0
99	E	0.00000	0.83826	0.16174	0
100	E	0.00199	0.83826	0.15976	0
101	S	0.13124	0.83822	0.03054	0
102	S	0.15395	0.83761	0.00844	0
103	F	0.16174	0.83747	0.00079	0
104	A	0.16174	0.83746	0.00080	0
105	A	0.16174	0.83745	0.00080	0
106	P	0.16174	0.83745	0.00080	0
107	N	0.16174	0.83743	0.00082	0
108	S	0.16174	0.83723	0.00102	0
109	L	0.16174	0.59355	0.24471	0
110	K	0.16174	0.57932	0.25894	0
111	G	0.16174	0.41952	0.41874	0
112	S	0.16092	0.41831	0.42076	0
113	R	0.15575	0.41819	0.42607	0
114	L	0.00388	0.41793	0.57819	0
115	V	0.00032	0.41778	0.58190	0
116	S	0.00025	0.41777	0.58198	0
117	G	0.00021	0.41776	0.58203	0
118	E	0.00017	0.41776	0.58207	0
119	P	0.00013	0.4177	0.58217	0
120	G	0.00002	0.41764	0.58234	0
121	G	0.00000	0.4176	0.58240	0
122	A	0.00000	0.41751	0.58249	0
123	V	0.00000	0.4175	0.58250	0
124	T	0.00000	0.41748	0.58252	0
125	I	0.00008	0.41729	0.58263	0
126	Q	0.00059	0.41729	0.58212	0
127	C	0.00123	0.41729	0.58148	0
128	H	0.01179	0.41729	0.57092	0
129	Y	0.04677	0.41729	0.53594	0
130	A	0.39747	0.41729	0.18524	0
131	P	0.41938	0.41734	0.16328	0
132	S	0.41957	0.41756	0.16287	0
133	S	0.42021	0.4791	0.10069	0
134	V	0.42029	0.50756	0.07215	0
135	N	0.42035	0.57182	0.00783	0
136	R	0.42039	0.57826	0.00135	0
137	H	0.42041	0.57872	0.00087	0
138	Q	0.42052	0.57885	0.00063	0
139	R	0.42059	0.57896	0.00044	0
140	K	0.42015	0.57903	0.00082	0
141	Y	0.13165	0.57903	0.28932	0
142	W	0.01901	0.57903	0.40195	0
143	C	0.00278	0.57903	0.41819	0
144	R	0.00308	0.57901	0.41791	0
145	L	0.00167	0.57776	0.42057	0
146	G	0.00165	0.57772	0.42063	0
147	P	0.00164	0.57758	0.42078	0
148	P	0.00164	0.57757	0.42079	0
149	R	0.00156	0.57738	0.42107	0
150	W	0.00089	0.57737	0.42174	0
151	I	0.00034	0.57737	0.42229	0
152	C	0.00033	0.57737	0.42229	0
153	Q	0.00033	0.57737	0.42229	0
154	T	0.00033	0.57737	0.42229	0
155	I	0.00032	0.57737	0.42230	0
156	V	0.00032	0.57737	0.42230	0
157	S	0.00032	0.57737	0.42231	0
158	T	0.00032	0.57738	0.42230	0
159	N	0.00025	0.57901	0.42074	0
160	Q	0.00002	0.60668	0.39330	0
161	Y	0.00000	0.65781	0.34219	0
162	T	0.00000	0.8282	0.17180	0
163	H	0.00000	0.96574	0.03426	0
164	H	0.00000	0.99316	0.00684	0
165	R	0.00004	0.99664	0.00332	0
166	Y	0.00016	0.99668	0.00316	0
167	R	0.00109	0.9967	0.00221	0
168	D	0.00141	0.99672	0.00188	0
169	R	0.00161	0.99664	0.00175	0
170	V	0.00166	0.99665	0.00169	0
171	A	0.00166	0.9967	0.00163	0
172	L	0.00166	0.99678	0.00155	0
173	T	0.00166	0.99705	0.00129	0
174	D	0.00166	0.99769	0.00065	0
175	F	0.00166	0.99761	0.00073	0
176	P	0.00166	0.99764	0.00070	0
177	Q	0.00166	0.9976	0.00073	0
178	R	0.00166	0.9971	0.00124	0
179	G	0.00136	0.42986	0.56878	0
180	L	0.00131	0.39067	0.60802	0
181	F	0.00058	0.38202	0.61740	0
182	V	0.00026	0.38188	0.61787	0
183	V	0.00026	0.38187	0.61787	0
184	R	0.00026	0.38187	0.61787	0
185	L	0.00026	0.38187	0.61787	0
186	S	0.00026	0.38187	0.61787	0
187	Q	0.00026	0.38187	0.61787	0
188	L	0.00026	0.38187	0.61788	0
189	S	0.00033	0.38186	0.61781	0
190	P	0.00033	0.38185	0.61782	0
191	D	0.00033	0.38184	0.61783	0
192	D	0.00029	0.38161	0.61810	0
193	I	0.00008	0.09963	0.90029	0
194	G	0.00008	0.09368	0.90624	0
195	C	0.00008	0.08879	0.91113	0
196	Y	0.00009	0.02092	0.97899	0
197	L	0.00013	0.01494	0.98493	0
198	C	0.00111	0.01416	0.98473	0
199	G	0.00500	0.01358	0.98142	0
200	I	0.02539	0.01356	0.96105	0
201	G	0.50311	0.01446	0.48242	0
202	S	0.60082	0.01473	0.38446	0
203	E	0.61626	0.01491	0.36883	0
204	N	0.61481	0.01478	0.37040	0
205	N	0.60782	0.01235	0.37983	0
206	M	0.60483	0.00566	0.38951	0
207	L	0.59431	0.00085	0.40484	0
208	F	0.57211	0.00082	0.42707	0
209	L	0.56701	0.00078	0.43221	0
210	S	0.56685	0.00078	0.43236	0
211	M	0.55720	0.00073	0.44207	0
212	N	0.55673	0.00074	0.44253	0
213	L	0.00376	0.00065	0.99559	0
214	T	0.00179	0.00069	0.99752	0
215	I	0.00294	0.0006	0.99646	0
216	S	0.10027	0.00068	0.89904	0
217	A	0.11974	0.00067	0.87960	0
218	G	0.28989	0.00064	0.70947	0
219	P	0.36222	0.00061	0.63717	0
220	A	0.36604	0.00044	0.63352	0
221	S	0.36782	0.00036	0.63182	0
222	T	0.36821	0.00032	0.63146	0
223	L	0.36824	0.00085	0.63090	0
224	P	0.36833	0.00784	0.62383	0
225	T	0.36842	0.00789	0.62369	0
226	A	0.36871	0.00809	0.62321	0
227	T	0.36947	0.01207	0.61846	0
228	P	0.37025	0.01845	0.61130	0
229	A	0.03557	0.04963	0.91480	0
230	A	0.01382	0.04997	0.93621	0
231	G	0.01167	0.05289	0.93544	0
232	E	0.01305	0.05829	0.92866	0
233	L	0.01285	0.05909	0.92806	0
234	T	0.01497	0.12848	0.85655	0
235	M	0.01514	0.18958	0.79528	0
236	R	0.01521	0.5496	0.43520	0
237	S	0.01456	0.5936	0.39184	0
238	Y	0.01428	0.60537	0.38034	0
239	G	0.01440	0.61378	0.37182	0
240	T	0.01471	0.61521	0.37008	0
241	A	0.01485	0.61541	0.36974	0
242	S	0.01489	0.61536	0.36975	0
243	P	0.01495	0.61437	0.37068	0
244	V	0.01495	0.18547	0.79957	0
245	A	0.01495	0.05872	0.92633	0
246	N	0.01496	0.05405	0.93098	0
247	R	0.01496	0.08298	0.90206	0
248	W	0.01496	0.39724	0.58780	0
249	T	0.01496	0.39933	0.58571	0
250	P	0.01496	0.40073	0.58430	0
251	G	0.01492	0.40541	0.57966	0
252	T	0.01481	0.40506	0.58014	0
253	T	0.01594	0.40543	0.57864	0
254	Q	0.01561	0.40516	0.57922	0
255	T	0.01555	0.40468	0.57978	0
256	L	0.01554	0.40448	0.57998	0
257	G	0.01555	0.405	0.57946	0
258	Q	0.01555	0.40543	0.57903	0
259	G	0.01555	0.37814	0.60631	0
260	T	0.01555	0.35028	0.63417	0
261	A	0.01556	0.1162	0.86825	0
262	W	0.01586	0.03018	0.95395	0
263	D	0.02588	0.0106	0.96351	0
264	T	0.05624	0.00347	0.94029	0
265	V	0.10861	0.00203	0.88935	0
266	A	0.23329	0.00203	0.76468	0
267	S	0.57113	0.00203	0.42684	0
268	T	0.58308	0.00203	0.41489	0
269	P	0.58653	0.00203	0.41144	0
270	G	0.58702	0.00203	0.41094	0
271	T	0.58722	0.00205	0.41073	0
272	S	0.58881	0.00211	0.40908	0
273	K	0.59262	0.00237	0.40500	0
274	T	0.59262	0.00273	0.40465	0
275	T	0.59274	0.00273	0.40454	0
276	A	0.59303	0.00273	0.40424	0
277	S	0.59335	0.00273	0.40392	0
278	A	0.59382	0.00273	0.40345	0
279	E	0.59390	0.00273	0.40337	0
280	G	0.59454	0.00272	0.40273	0
281	R	0.59562	0.00272	0.40166	0
282	R	0.61972	0.00272	0.37757	0
283	T	0.76779	0.00172	0.23049	0
284	P	0.99641	0.001	0.00259	0
285	G	0.99321	0.00094	0.00585	0
286	A	0.98686	0.00091	0.01223	0
287	T	0.98585	0.00087	0.01328	0
288	R	0.98581	0.00087	0.01332	0
289	P	0.98574	0.00086	0.01340	0
290	A	0.98522	0.00085	0.01392	0
291	A	0.98514	0.00085	0.01401	0
292	P	0.98512	0.00085	0.01402	0
293	G	0.98468	0.00085	0.01447	0
294	T	0.98417	0.00085	0.01498	0
295	G	0.98142	0.00085	0.01773	0
296	S	0.98053	0.00085	0.01862	0
297	W	0.97979	0.00085	0.01936	0
298	A	0.97655	0.00084	0.02261	0
299	E	0.93374	0.00084	0.06542	0
300	G	0.60345	0.00084	0.39570	0
301	S	0.58899	0.00085	0.41017	0
302	V	0.58120	0.00085	0.41796	0
303	K	0.58122	0.00112	0.41766	0
304	A	0.58130	0.00116	0.41754	0
305	P	0.58157	0.00155	0.41688	0
306	A	0.58174	0.00239	0.41587	0
307	P	0.58283	0.00741	0.40976	0
308	I	0.58293	0.00922	0.40785	0
309	P	0.58301	0.01222	0.40477	0
310	E	0.58302	0.01281	0.40417	0
311	S	0.58303	0.0129	0.40407	0
312	P	0.58303	0.01296	0.40400	0
313	P	0.58304	0.01311	0.40386	0
314	S	0.58304	0.01337	0.40359	0
315	K	0.58304	0.01682	0.40014	0
316	S	0.58303	0.01653	0.40044	0
317	R	0.58303	0.01696	0.40001	0
318	S	0.58302	0.01722	0.39976	0
319	M	0.58300	0.01999	0.39701	0
320	S	0.58299	0.19415	0.22286	0
321	N	0.58299	0.37327	0.04375	0
322	T	0.58298	0.41485	0.00218	0
323	T	0.58297	0.41566	0.00137	0
324	E	0.58297	0.41609	0.00093	0
325	G	0.58297	0.4161	0.00093	0
326	V	0.58297	0.4161	0.00093	0
327	W	0.58297	0.4161	0.00093	0
328	E	0.58298	0.4161	0.00092	0
329	G	0.58298	0.4161	0.00093	0
330	T	0.58298	0.4161	0.00093	0
331	R	0.58298	0.4161	0.00093	0
332	S	0.58298	0.4161	0.00093	0
333	S	0.58298	0.4161	0.00093	0
334	V	0.58298	0.4161	0.00093	0
335	T	0.58298	0.4161	0.00092	0
336	N	0.58377	0.41611	0.00012	0
337	R	0.58377	0.41611	0.00012	0
338	A	0.58379	0.41611	0.00010	0
339	R	0.58379	0.41613	0.00008	0
340	A	0.58380	0.41614	0.00006	0
341	S	0.58382	0.41616	0.00002	0
342	K	0.58382	0.41617	0.00000	0
343	D	0.58382	0.41617	0.00000	0
344	R	0.58382	0.41617	0.00000	0
345	R	0.58382	0.41617	0.00000	0
346	E	0.58382	0.41617	0.00000	0
347	M	0.58382	0.41617	0.00000	0
348	T	0.58383	0.41617	0.00000	0
349	T	0.58383	0.41617	0.00000	0
350	T	0.58383	0.41617	0.00000	0
351	K	0.58383	0.41617	0.00000	0
352	A	0.58383	0.41617	0.00000	0
353	D	0.58383	0.41617	0.00000	0
354	R	0.58383	0.41617	0.00000	0
355	P	0.58383	0.41617	0.00000	0
356	R	0.58383	0.41617	0.00000	0
357	E	0.58383	0.41617	0.00000	0
358	D	0.58382	0.41617	0.00000	0
359	I	0.58307	0.41617	0.00075	0
360	E	0.58306	0.41617	0.00077	0
361	G	0.58299	0.41617	0.00084	0
362	V	0.58298	0.36062	0.05640	0
363	R	0.58298	0.3606	0.05643	0
364	I	0.58297	0.35951	0.05752	0
365	A	0.58297	0.19448	0.22255	0
366	L	0.58297	0.118	0.29903	0
367	D	0.58297	0.11793	0.29909	0
368	A	0.58286	0.11541	0.30173	0
369	A	0.57184	0.09042	0.33774	0
370	K	0.57127	0.09022	0.33851	0
371	K	0.57123	0.08974	0.33903	0
372	V	0.56815	0.00666	0.42519	0
373	L	0.56814	0.00055	0.43131	0
374	G	0.56814	0.00012	0.43174	0
375	T	0.56814	0.0001	0.43176	0
376	I	0.56814	9e-05	0.43177	0
377	G	0.56814	9e-05	0.43177	0
378	P	0.56814	9e-05	0.43177	0
379	P	0.56814	0.0001	0.43176	0
380	A	0.56814	0.00013	0.43173	0
381	L	0.56814	0.00021	0.43165	0
382	V	0.56814	0.00042	0.43144	0
383	S	0.56822	0.00082	0.43096	0
384	E	0.56986	0.00092	0.42922	0
385	T	0.57197	0.00093	0.42711	0
386	L	0.57310	0.00093	0.42597	0
387	A	0.57838	0.00093	0.42069	0
388	W	0.58302	0.00098	0.41600	0
389	E	0.76370	0.00204	0.23426	0
390	I	0.76828	0.00214	0.22957	0
391	L	0.80154	0.00316	0.19530	0
392	P	0.91190	0.01068	0.07741	0
393	Q	0.94914	0.01296	0.03789	0
394	A	0.95369	0.01346	0.03285	0
395	T	0.96568	0.01441	0.01991	0
396	P	0.97081	0.01497	0.01422	0
397	V	0.97111	0.01486	0.01403	0
398	S	0.98206	0.01539	0.00254	0
399	K	0.98420	0.01542	0.00038	0
400	Q	0.98423	0.01541	0.00036	0
401	Q	0.98423	0.01541	0.00036	0
402	S	0.98421	0.0154	0.00038	0
403	Q	0.98421	0.0154	0.00039	0
404	G	0.98421	0.01539	0.00040	0
405	S	0.98421	0.01519	0.00059	0
406	I	0.98421	0.0127	0.00309	0
407	G	0.98421	0.01257	0.00322	0
408	E	0.98421	0.01149	0.00430	0
409	T	0.95485	0.00971	0.03544	0
410	T	0.94785	0.00956	0.04259	0
411	P	0.94573	0.00939	0.04488	0
412	A	0.73930	0.00068	0.26002	0
413	A	0.73793	0.00045	0.26162	0
414	G	0.61114	0.00014	0.38872	0
415	M	0.57384	4e-05	0.42612	0
416	W	0.56960	1e-05	0.43039	0
417	T	0.56956	1e-05	0.43043	0
418	L	0.56949	1e-05	0.43050	0
419	G	0.56880	1e-05	0.43119	0
420	T	0.56892	1e-05	0.43108	0
421	P	0.56896	1e-05	0.43104	0
422	A	0.56896	0	0.43104	0
423	A	0.56896	1e-05	0.43103	0
424	D	0.56896	2e-05	0.43102	0
425	V	0.56852	2e-05	0.43146	0
426	W	0.56851	2e-05	0.43147	0
427	I	0.56856	2e-05	0.43142	0
428	L	0.56908	3e-05	0.43089	0
429	G	0.57021	0.00045	0.42935	0
430	T	0.57385	0.00261	0.42354	0
431	P	0.58214	0.00696	0.41089	0
432	A	0.58263	0.011	0.40637	0
433	A	0.58283	0.04481	0.37236	0
434	D	0.58294	0.24944	0.16762	0
435	V	0.58295	0.25169	0.16536	0
436	W	0.58296	0.26255	0.15449	0
437	T	0.58357	0.301	0.11543	0
438	S	0.58379	0.31776	0.09845	0
439	M	0.58383	0.32292	0.09325	0
440	E	0.58390	0.40317	0.01293	0
441	A	0.58390	0.40526	0.01084	0
442	A	0.58390	0.40861	0.00749	0
443	S	0.58390	0.41365	0.00245	0
444	G	0.58390	0.41553	0.00057	0
445	E	0.58390	0.41588	0.00021	0
446	G	0.58390	0.41591	0.00019	0
447	S	0.58390	0.41592	0.00018	0
448	A	0.58390	0.41592	0.00018	0
449	A	0.58390	0.41595	0.00015	0
450	G	0.58390	0.41607	0.00002	0
451	D	0.58390	0.4161	0.00000	0
452	L	0.58390	0.4161	0.00000	0
453	D	0.58390	0.4161	0.00000	0
454	A	0.58390	0.4161	0.00000	0
455	A	0.58390	0.4161	0.00000	0
456	T	0.58390	0.4161	0.00000	0
457	G	0.58390	0.4161	0.00000	0
458	D	0.58390	0.4161	0.00000	0
459	R	0.58390	0.4161	0.00000	0
460	G	0.58390	0.4161	0.00000	0
461	P	0.58390	0.41609	0.00000	0
462	Q	0.58319	0.41609	0.00072	0
463	A	0.58299	0.41609	0.00091	0
464	T	0.58298	0.41609	0.00092	0
465	L	0.58298	0.41609	0.00092	0
466	S	0.58298	0.41609	0.00092	0
467	Q	0.58298	0.41609	0.00092	0
468	T	0.58298	0.41609	0.00092	0
469	P	0.58298	0.41609	0.00092	0
470	A	0.58298	0.41609	0.00092	0
471	V	0.58298	0.41609	0.00092	0
472	G	0.58298	0.41609	0.00092	0
473	P	0.58298	0.41609	0.00092	0
474	W	0.58298	0.41609	0.00092	0
475	G	0.58298	0.41609	0.00092	0
476	P	0.58298	0.41609	0.00092	0
477	P	0.58298	0.41609	0.00092	0
478	G	0.58298	0.41609	0.00092	0
479	K	0.58298	0.4161	0.00092	0
480	E	0.58298	0.4161	0.00092	0
481	S	0.58298	0.4161	0.00092	0
482	S	0.58298	0.41611	0.00091	0
483	V	0.58298	0.41616	0.00086	0
484	K	0.58299	0.41699	0.00002	0
485	R	0.58299	0.41699	0.00003	0
486	T	0.58299	0.41695	0.00007	0
487	F	0.58299	0.41644	0.00057	0
488	P	0.58299	0.41642	0.00059	0
489	E	0.58299	0.41641	0.00061	0
490	D	0.58299	0.41641	0.00061	0
491	E	0.58299	0.41269	0.00433	0
492	S	0.58299	0.40534	0.01167	0
493	S	0.58298	0.35377	0.06324	0
494	S	0.58298	0.20241	0.21460	0
495	R	0.58298	0.14275	0.27427	0
496	T	0.58298	0.00384	0.41318	0
497	L	0.58298	6e-05	0.41696	0
498	A	0.58298	0	0.41702	0
499	P	0.58298	0	0.41702	0
500	V	0.58298	0	0.41702	0
501	S	0.58298	0	0.41702	0
502	T	0.58298	0	0.41702	0
503	M	0.58298	0	0.41702	0
504	L	0.58298	0	0.41702	0
505	A	0.58298	0	0.41702	0
506	L	0.58298	0	0.41702	0
507	F	0.58299	0	0.41701	0
508	M	0.58309	0	0.41691	0
509	L	0.58331	0	0.41669	0
510	M	0.58349	0	0.41651	0
511	A	0.58552	0	0.41448	0
512	L	0.58923	0	0.41077	0
513	V	0.59957	0	0.40043	0
514	L	0.63789	0	0.36211	0
515	L	0.70567	0	0.29433	0
516	Q	0.94973	0	0.05027	0
517	R	1.00000	0	0.00000	0
518	K	1.00000	0	0.00000	0
519	L	1.00000	0	0.00000	0
520	W	1.00000	0	0.00000	0
521	R	1.00000	0	0.00000	0
522	R	1.00000	0	0.00000	0
523	R	1.00000	0	0.00000	0
524	T	1.00000	0	0.00000	0
525	S	1.00000	0	0.00000	0
526	Q	1.00000	0	0.00000	0
527	E	1.00000	0	0.00000	0
528	A	1.00000	0	0.00000	0
529	E	1.00000	0	0.00000	0
530	R	1.00000	0	0.00000	0
531	V	1.00000	0	0.00000	0
532	T	1.00000	0	0.00000	0
533	L	1.00000	0	0.00000	0
534	I	1.00000	0	0.00000	0
535	Q	1.00000	0	0.00000	0
536	M	1.00000	0	0.00000	0
537	T	1.00000	0	0.00000	0
538	H	1.00000	0	0.00000	0
539	F	1.00000	0	0.00000	0
540	L	1.00000	0	0.00000	0
541	E	1.00000	0	0.00000	0
542	V	1.00000	0	0.00000	0
543	N	1.00000	0	0.00000	0
544	P	1.00000	0	0.00000	0
545	Q	1.00000	0	0.00000	0
546	A	1.00000	0	0.00000	0
547	D	1.00000	0	0.00000	0
548	Q	1.00000	0	0.00000	0
549	L	1.00000	0	0.00000	0
550	P	1.00000	0	0.00000	0
551	H	1.00000	0	0.00000	0
552	V	1.00000	0	0.00000	0
553	E	1.00000	0	0.00000	0
554	R	1.00000	0	0.00000	0
555	K	1.00000	0	0.00000	0
556	M	1.00000	0	0.00000	0
557	L	1.00000	0	0.00000	0
558	Q	1.00000	0	0.00000	0
559	D	1.00000	0	0.00000	0
560	D	1.00000	0	0.00000	0
561	S	1.00000	0	0.00000	0
562	L	1.00000	0	0.00000	0
563	P	1.00000	0	0.00000	0
564	A	1.00000	0	0.00000	0
565	G	1.00000	0	0.00000	0
566	A	1.00000	0	0.00000	0
567	S	1.00000	0	0.00000	0
568	L	1.00000	0	0.00000	0
569	T	1.00000	0	0.00000	0
570	A	1.00000	0	0.00000	0
571	P	1.00000	0	0.00000	0
572	E	1.00000	0	0.00000	0
573	R	1.00000	0	0.00000	0
574	N	1.00000	0	0.00000	0
575	P	1.00000	0	0.00000	0
576	G	1.00000	0	0.00000	0
577	P	1.00000	0	0.00000	0
