# UNNAMED
#pos	aa	i	o	M	S
1	M	0.00000	0.97654	0.00000	0.02346
2	G	0.00000	0.97654	0.00000	0.02346
3	L	0.00000	0.97654	0.00000	0.02346
4	T	0.00000	0.38831	0.58822	0.02347
5	L	0.00000	0.15996	0.81658	0.02346
6	L	0.00000	0.07182	0.90471	0.02346
7	L	0.00000	0.0453	0.93123	0.02346
8	L	0.00000	0.04225	0.93429	0.02346
9	L	0.00000	0.04164	0.93490	0.02346
10	L	0.00000	0.04152	0.93502	0.02347
11	L	0.00000	0.04147	0.93507	0.02346
12	G	0.00000	0.04135	0.93519	0.02346
13	L	0.00000	0.04126	0.93534	0.0234
14	E	0.00000	0.04179	0.93560	0.02262
15	G	0.00000	0.03269	0.94506	0.02225
16	Q	0.00000	0.03561	0.95229	0.0121
17	G	0.00000	0.02407	0.96384	0.0121
18	I	0.00000	0.02511	0.97369	0.0012
19	V	0.00000	0.02151	0.97729	0.0012
20	G	0.00000	0.01986	0.97894	0.0012
21	S	0.00002	0.01688	0.98190	0.00119
22	L	0.00269	0.01292	0.98439	0
23	P	0.48246	0.01128	0.50626	0
24	E	0.53257	0.01055	0.45688	0
25	V	0.53600	0.00195	0.46205	0
26	L	0.57982	0.00191	0.41827	0
27	Q	0.91335	0.00191	0.08473	0
28	A	0.92001	0.00191	0.07807	0
29	P	0.93055	0.00191	0.06754	0
30	V	0.87917	0.00191	0.11891	0
31	G	0.80043	0.00191	0.19766	0
32	S	0.67720	0.00191	0.32089	0
33	S	0.30208	0.00191	0.69601	0
34	I	0.14975	0.00191	0.84834	0
35	L	0.10712	0.00191	0.89097	0
36	V	0.05623	0.00191	0.94186	0
37	Q	0.06512	0.00191	0.93296	0
38	C	0.03487	0.00191	0.96322	0
39	H	0.03633	0.00191	0.96175	0
40	Y	0.04142	0.00191	0.95667	0
41	R	0.05395	0.00191	0.94414	0
42	L	0.05424	0.00191	0.94385	0
43	Q	0.06434	0.00191	0.93375	0
44	D	0.06467	0.00191	0.93342	0
45	V	0.06022	0.00191	0.93786	0
46	K	0.05863	0.00191	0.93946	0
47	A	0.01152	0.00124	0.98724	0
48	Q	0.00238	0.00233	0.99529	0
49	K	0.00211	0.00371	0.99418	0
50	V	0.00010	0.02259	0.97732	0
51	W	0.00000	0.37638	0.62362	0
52	C	0.00000	0.7619	0.23810	0
53	R	0.00000	0.77767	0.22233	0
54	F	0.00000	0.78054	0.21946	0
55	L	0.00000	0.78217	0.21783	0
56	P	0.00000	0.7898	0.21020	0
57	E	0.00000	0.79167	0.20833	0
58	G	0.00000	0.86046	0.13954	0
59	C	0.00000	0.93294	0.06706	0
60	Q	0.00000	0.93311	0.06689	0
61	P	0.00000	0.93324	0.06676	0
62	L	0.00000	0.93324	0.06676	0
63	V	0.00000	0.93324	0.06676	0
64	S	0.00000	0.93327	0.06673	0
65	S	0.00000	0.97619	0.02381	0
66	A	0.00001	0.99533	0.00466	0
67	V	0.00010	0.99544	0.00447	0
68	D	0.00172	0.9979	0.00038	0
69	R	0.00185	0.998	0.00015	0
70	R	0.00190	0.99805	0.00006	0
71	A	0.00191	0.99804	0.00005	0
72	P	0.00191	0.99639	0.00170	0
73	A	0.00191	0.99538	0.00271	0
74	G	0.00191	0.99338	0.00471	0
75	R	0.00191	0.98933	0.00876	0
76	R	0.00185	0.98746	0.01069	0
77	T	0.00114	0.57433	0.42453	0
78	F	0.00001	0.04245	0.95755	0
79	L	0.00000	0.0034	0.99660	0
80	T	0.00000	0.00084	0.99916	0
81	D	0.00000	0.00019	0.99981	0
82	L	0.00000	1e-05	0.99999	0
83	G	0.00000	0	1.00000	0
84	G	0.00000	0	1.00000	0
85	G	0.00000	0	1.00000	0
86	L	0.00000	0	1.00000	0
87	L	0.00000	0	1.00000	0
88	Q	0.00000	0	1.00000	0
89	V	0.00000	0	1.00000	0
90	E	0.00000	0	1.00000	0
91	M	0.00149	0	0.99851	0
92	V	0.00189	0	0.99811	0
93	T	0.00197	0	0.99803	0
94	L	0.00197	0	0.99803	0
95	Q	0.00199	0.00011	0.99789	0
96	E	0.00200	0.00135	0.99665	0
97	E	0.00219	0.0018	0.99601	0
98	D	0.01344	0.00188	0.98468	0
99	A	0.50000	0.00189	0.49811	0
100	G	0.99003	0.00191	0.00806	0
101	E	0.99408	0.00191	0.00400	0
102	Y	0.99802	0.00191	0.00007	0
103	G	0.99779	0.00191	0.00030	0
104	C	0.99682	0.00191	0.00127	0
105	M	0.99680	0.00191	0.00128	0
106	V	0.99626	0.00191	0.00182	0
107	D	0.99625	0.00191	0.00184	0
108	G	0.99625	0.00191	0.00184	0
109	A	0.99625	0.00191	0.00184	0
110	R	0.99625	0.00191	0.00184	0
111	G	0.99625	0.00191	0.00184	0
112	P	0.99619	0.00191	0.00190	0
113	Q	0.90604	0.00177	0.09219	0
114	I	0.02747	0.00018	0.97235	0
115	L	0.01316	6e-05	0.98678	0
116	H	0.01255	3e-05	0.98742	0
117	R	0.01193	3e-05	0.98804	0
118	V	0.00038	2e-05	0.99960	0
119	S	0.00003	2e-05	0.99995	0
120	L	0.00000	1e-05	0.99999	0
121	N	0.00000	4e-05	0.99996	0
122	I	0.00000	5e-05	0.99995	0
123	L	0.00000	7e-05	0.99993	0
124	P	0.00000	0.00059	0.99941	0
125	P	0.00000	0.00123	0.99877	0
126	E	0.00000	0.0018	0.99820	0
127	E	0.00000	0.00184	0.99816	0
128	E	0.00000	0.00184	0.99816	0
129	E	0.00000	0.00184	0.99816	0
130	E	0.00000	0.00184	0.99815	0
131	T	0.00000	0.00219	0.99781	0
132	H	0.00000	0.03607	0.96393	0
133	K	0.00000	0.5556	0.44440	0
134	I	0.00002	0.60323	0.39675	0
135	G	0.00003	0.90324	0.09673	0
136	S	0.00006	0.96672	0.03322	0
137	L	0.00115	0.98374	0.01511	0
138	A	0.00166	0.98755	0.01078	0
139	E	0.00171	0.99765	0.00063	0
140	N	0.00176	0.99796	0.00028	0
141	A	0.00177	0.998	0.00023	0
142	F	0.00179	0.99805	0.00017	0
143	S	0.00182	0.99808	0.00010	0
144	D	0.00184	0.99809	0.00008	0
145	P	0.00191	0.99809	0.00000	0
146	A	0.00191	0.99809	0.00000	0
147	G	0.00191	0.99809	0.00000	0
148	S	0.00191	0.99809	0.00000	0
149	A	0.00191	0.99809	0.00000	0
150	N	0.00191	0.99809	0.00000	0
151	P	0.00191	0.99809	0.00000	0
152	L	0.00191	0.99809	0.00000	0
153	E	0.00191	0.99809	0.00000	0
154	P	0.00191	0.99809	0.00000	0
155	S	0.00191	0.99809	0.00000	0
156	Q	0.00191	0.99809	0.00000	0
157	D	0.00191	0.99809	0.00000	0
158	E	0.00191	0.99808	0.00001	0
159	K	0.00189	0.99782	0.00029	0
160	S	0.00132	0.91369	0.08500	0
161	I	0.00023	0.02569	0.97407	0
162	P	0.00022	0.01746	0.98232	0
163	L	0.00005	0.00013	0.99982	0
164	I	0.00000	1e-05	0.99999	0
165	W	0.00000	0	1.00000	0
166	G	0.00000	0	1.00000	0
167	A	0.00000	0	1.00000	0
168	V	0.00000	0	1.00000	0
169	L	0.00000	0	1.00000	0
170	L	0.00000	0	1.00000	0
171	V	0.00000	0	1.00000	0
172	G	0.00000	0	1.00000	0
173	L	0.00000	0	1.00000	0
174	L	0.00000	0	1.00000	0
175	V	0.00000	0	1.00000	0
176	A	0.00000	0	1.00000	0
177	A	0.00000	0	1.00000	0
178	V	0.00000	0	1.00000	0
179	V	0.00000	0	1.00000	0
180	L	0.00000	2e-05	0.99998	0
181	F	0.00012	0.00011	0.99977	0
182	A	0.01072	0.00037	0.98891	0
183	V	0.05373	0.00064	0.94563	0
184	M	0.39139	0.00095	0.60766	0
185	A	0.75977	0.00157	0.23866	0
186	K	0.99310	0.00191	0.00499	0
187	R	0.99801	0.00191	0.00008	0
188	K	0.99809	0.00191	0.00000	0
189	Q	0.99809	0.00191	0.00000	0
190	G	0.99809	0.00191	0.00000	0
191	N	0.99809	0.00191	0.00000	0
192	R	0.99799	0.00191	0.00009	0
193	L	0.97581	0.00188	0.02232	0
194	G	0.97144	0.00188	0.02669	0
195	V	0.96907	0.00187	0.02906	0
196	C	0.82543	0.00186	0.17270	0
197	G	0.79554	0.00185	0.20261	0
198	R	0.56113	0.00164	0.43724	0
199	F	0.01795	0.00163	0.98042	0
200	L	0.00301	0.00163	0.99536	0
201	S	0.00199	0.00163	0.99638	0
202	S	0.00124	0.00163	0.99714	0
203	R	0.00118	0.00163	0.99719	0
204	V	0.00088	0.00158	0.99754	0
205	S	0.00087	0.00158	0.99755	0
206	G	0.00086	0.00158	0.99756	0
207	M	0.00086	0.00158	0.99757	0
208	N	0.00086	0.00158	0.99757	0
209	P	0.00081	0.00157	0.99762	0
210	S	0.00033	0.00127	0.99839	0
211	S	0.00031	0.00122	0.99848	0
212	V	0.00012	0.00104	0.99884	0
213	V	0.00001	0.00016	0.99982	0
214	H	0.00001	0.00192	0.99807	0
215	H	0.00001	0.00587	0.99412	0
216	V	0.00001	0.01237	0.98761	0
217	S	0.00006	0.1308	0.86915	0
218	D	0.00022	0.95637	0.04341	0
219	S	0.00029	0.97933	0.02038	0
220	G	0.00030	0.98323	0.01647	0
221	P	0.00030	0.97566	0.02404	0
222	A	0.00030	0.96775	0.03196	0
223	A	0.00030	0.95807	0.04163	0
224	E	0.00030	0.96218	0.03753	0
225	L	0.00030	0.93946	0.06024	0
226	P	0.00030	0.94101	0.05869	0
227	L	0.00031	0.94029	0.05941	0
228	D	0.00034	0.94162	0.05803	0
229	V	0.00035	0.71399	0.28567	0
230	P	0.00031	0.66901	0.33068	0
231	H	0.00031	0.62419	0.37551	0
232	I	0.00033	0.62181	0.37786	0
233	R	0.00065	0.62205	0.37730	0
234	L	0.00071	0.62211	0.37718	0
235	D	0.00144	0.62253	0.37603	0
236	S	0.00188	0.62253	0.37559	0
237	P	0.00189	0.62253	0.37559	0
238	P	0.00189	0.62252	0.37559	0
239	S	0.00190	0.6224	0.37571	0
240	F	0.00193	0.6208	0.37727	0
241	D	0.00380	0.61983	0.37637	0
242	N	0.00771	0.58545	0.40684	0
243	T	0.00950	0.56784	0.42266	0
244	T	0.01198	0.48167	0.50635	0
245	Y	0.02818	0.45289	0.51893	0
246	T	0.03298	0.31895	0.64807	0
247	S	0.04925	0.18838	0.76237	0
248	L	0.06059	0.06799	0.87142	0
249	P	0.12156	0.06542	0.81301	0
250	L	0.22255	0.06414	0.71330	0
251	D	0.36908	0.06417	0.56675	0
252	S	0.37273	0.06282	0.56446	0
253	P	0.37440	0.06184	0.56376	0
254	S	0.37589	0.06037	0.56375	0
255	G	0.37554	0.04281	0.58165	0
256	K	0.37556	0.02613	0.59830	0
257	P	0.37556	0.00288	0.62156	0
258	S	0.37556	0.00057	0.62387	0
259	L	0.37555	0.00053	0.62392	0
260	P	0.37555	0.00053	0.62392	0
261	A	0.37555	0.00051	0.62394	0
262	P	0.37617	0.00051	0.62331	0
263	S	0.38747	0.00052	0.61201	0
264	S	0.39455	0.00051	0.60494	0
265	L	0.39728	0.00052	0.60220	0
266	P	0.40343	0.00078	0.59579	0
267	P	0.43147	0.00081	0.56772	0
268	L	0.47842	0.00047	0.52112	0
269	P	0.58191	0.00056	0.41753	0
270	P	0.80105	0.00032	0.19863	0
271	K	0.93467	0.00016	0.06517	0
272	V	0.93467	0.00015	0.06518	0
273	L	0.93467	0.00015	0.06518	0
274	V	0.93467	0.0002	0.06513	0
275	C	0.93467	0.00087	0.06446	0
276	S	0.93467	0.00121	0.06412	0
277	K	0.99756	0.00137	0.00107	0
278	P	0.99756	0.00131	0.00113	0
279	V	0.99756	0.0007	0.00175	0
280	T	0.99756	0.00044	0.00200	0
281	Y	0.99756	0.00025	0.00220	0
282	A	0.99756	3e-05	0.00242	0
283	T	0.99758	1e-05	0.00241	0
284	V	0.99760	0	0.00240	0
285	I	0.99760	1e-05	0.00239	0
286	F	0.99761	1e-05	0.00238	0
287	P	0.99763	1e-05	0.00236	0
288	G	0.99783	1e-05	0.00217	0
289	G	0.99816	1e-05	0.00184	0
290	N	0.99843	0	0.00157	0
291	K	0.99860	0	0.00140	0
292	G	0.99860	0	0.00140	0
293	G	0.99860	0	0.00140	0
294	G	0.99860	0	0.00140	0
295	T	0.99860	0	0.00140	0
296	S	0.99860	0	0.00140	0
297	C	0.99860	0	0.00140	0
298	G	0.99862	0	0.00138	0
299	P	0.99873	0	0.00127	0
300	A	0.99910	0	0.00090	0
301	Q	0.99958	0	0.00042	0
302	N	0.99969	0	0.00031	0
303	P	0.99973	0	0.00027	0
304	P	0.99978	0	0.00022	0
305	N	0.99988	0	0.00012	0
306	N	0.99993	0	0.00007	0
307	Q	0.99998	0	0.00002	0
308	T	0.99998	0	0.00002	0
309	P	0.99999	0	0.00001	0
310	S	0.99999	0	0.00001	0
311	S	1.00000	0	0.00000	0
