# UNNAMED
#pos	aa	i	o	M	S
1	M	0.00000	1	0.00000	0
2	Q	0.00000	1	0.00000	0
3	D	0.00000	1	0.00000	0
4	E	0.00000	0.99998	0.00002	0
5	E	0.00000	0.99908	0.00092	0
6	R	0.00000	0.97564	0.02436	0
7	Y	0.00000	0.91885	0.08115	0
8	M	0.00000	0.9077	0.09230	0
9	T	0.00000	0.88097	0.11903	0
10	L	0.00000	0.87991	0.12009	0
11	N	0.00000	0.87969	0.12031	0
12	V	0.00000	0.8746	0.12540	0
13	Q	0.00000	0.87269	0.12731	0
14	S	0.00000	0.87194	0.12806	0
15	K	0.00000	0.87186	0.12814	0
16	K	0.00000	0.87174	0.12826	0
17	R	0.00000	0.86634	0.13366	0
18	S	0.00000	0.66927	0.33073	0
19	S	0.00000	0.5359	0.46410	0
20	A	0.00000	0.13414	0.86586	0
21	Q	0.00001	0.07414	0.92586	0
22	T	0.00001	0.00806	0.99193	0
23	S	0.00002	0.00298	0.99699	0
24	Q	0.00026	7e-05	0.99967	0
25	L	0.00062	7e-05	0.99931	0
26	T	0.00727	7e-05	0.99266	0
27	F	0.01421	7e-05	0.98572	0
28	K	0.11285	7e-05	0.88707	0
29	D	0.12011	7e-05	0.87981	0
30	Y	0.12045	7e-05	0.87948	0
31	S	0.12307	7e-05	0.87686	0
32	V	0.12470	6e-05	0.87525	0
33	T	0.12737	2e-05	0.87261	0
34	L	0.05578	0	0.94422	0
35	H	0.02183	0	0.97817	0
36	W	0.01411	0	0.98589	0
37	Y	0.01926	0	0.98074	0
38	K	0.16033	0	0.83967	0
39	I	0.18257	0	0.81743	0
40	L	0.73682	0	0.26318	0
41	L	0.86056	0	0.13944	0
42	G	0.87127	0	0.12873	0
43	I	0.87140	0	0.12860	0
44	S	0.87138	0	0.12862	0
45	G	0.87100	0	0.12900	0
46	T	0.85626	0	0.14374	0
47	V	0.44401	0	0.55599	0
48	N	0.26763	0	0.73237	0
49	G	0.09317	0	0.90683	0
50	I	0.00146	0	0.99854	0
51	L	0.00004	1e-05	0.99994	0
52	T	0.00006	0.00267	0.99727	0
53	L	0.00006	0.0081	0.99184	0
54	T	0.00007	0.09329	0.90664	0
55	L	0.00006	0.10807	0.89187	0
56	I	0.00002	0.11177	0.88821	0
57	S	0.00002	0.12739	0.87259	0
58	L	0.00000	0.12801	0.87199	0
59	I	0.00000	0.12812	0.87187	0
60	L	0.00000	0.12823	0.87177	0
61	L	0.00000	0.12825	0.87175	0
62	V	0.00000	0.12766	0.87234	0
63	S	0.00000	0.12708	0.87292	0
64	Q	0.00000	0.09999	0.90001	0
65	G	0.00000	0.02764	0.97236	0
66	V	0.00000	0.0265	0.97350	0
67	L	0.00000	0.03802	0.96198	0
68	L	0.00000	0.07059	0.92941	0
69	K	0.00000	0.81689	0.18311	0
70	C	0.00000	0.87161	0.12839	0
71	Q	0.00000	0.87167	0.12833	0
72	K	0.00000	0.87168	0.12832	0
73	G	0.00000	0.87168	0.12832	0
74	S	0.00000	0.87173	0.12827	0
75	C	0.00000	0.87173	0.12827	0
76	S	0.00000	0.87126	0.12874	0
77	N	0.00000	0.84345	0.15655	0
78	A	0.00000	0.84344	0.15656	0
79	T	0.00000	0.83925	0.16075	0
80	Q	0.00000	0.83857	0.16143	0
81	Y	0.00000	0.83853	0.16147	0
82	E	0.00000	0.83853	0.16147	0
83	D	0.00000	0.47994	0.52006	0
84	T	0.00157	0.199	0.79943	0
85	G	0.05770	0.02715	0.91516	0
86	D	0.06440	0.02696	0.90864	0
87	L	0.12321	0.02696	0.84983	0
88	K	0.12820	0.02696	0.84484	0
89	V	0.12821	0.02696	0.84483	0
90	N	0.12822	0.02696	0.84482	0
91	N	0.12824	0.00472	0.86704	0
92	G	0.12824	0.00014	0.87162	0
93	T	0.12824	0	0.87176	0
94	R	0.12824	0	0.87176	0
95	R	0.12830	0	0.87170	0
96	N	0.13319	0	0.86681	0
97	I	0.13371	0	0.86629	0
98	S	0.14171	0	0.85829	0
99	N	0.15981	0	0.84019	0
100	K	0.15873	0	0.84127	0
101	D	0.15770	0	0.84230	0
102	L	0.05572	0	0.94428	0
103	C	0.13475	0	0.86525	0
104	A	0.78734	0	0.21266	0
105	S	0.84377	0	0.15623	0
106	R	0.84482	0	0.15518	0
107	S	0.84482	0	0.15518	0
108	A	0.84482	0	0.15518	0
109	D	0.84482	0	0.15518	0
110	Q	0.84632	0	0.15368	0
111	T	0.84829	0	0.15171	0
112	V	0.83889	0	0.16111	0
113	L	0.83354	0	0.16646	0
114	C	0.82849	0	0.17151	0
115	Q	0.82835	3e-05	0.17161	0
116	S	0.81462	0.00013	0.18526	0
117	E	0.66062	0.00046	0.33891	0
118	W	0.10157	0.00049	0.89794	0
119	L	0.05827	0.00053	0.94120	0
120	K	0.02708	0.02262	0.95030	0
121	Y	0.02693	0.03004	0.94302	0
122	Q	0.02687	0.10271	0.87042	0
123	G	0.02222	0.12241	0.85537	0
124	K	0.01936	0.12819	0.85246	0
125	C	0.00000	0.12822	0.87178	0
126	C	0.00000	0.12822	0.87178	0
127	Y	0.00000	0.12822	0.87178	0
128	W	0.00000	0.12822	0.87178	0
129	F	0.00000	0.12819	0.87181	0
130	S	0.00000	0.12838	0.87162	0
131	N	0.00000	0.13586	0.86414	0
132	E	0.00000	0.16278	0.83722	0
133	M	0.00000	0.14372	0.85628	0
134	K	0.00000	0.15285	0.84715	0
135	S	0.00000	0.15453	0.84547	0
136	W	0.00000	0.18533	0.81467	0
137	S	0.00000	0.5844	0.41560	0
138	D	0.00000	0.95322	0.04678	0
139	S	0.00000	0.95322	0.04678	0
140	Y	0.00000	0.93475	0.06525	0
141	V	0.00000	0.90985	0.09015	0
142	Y	0.00000	0.87797	0.12203	0
143	C	0.00000	0.88317	0.11683	0
144	L	0.00000	0.90171	0.09829	0
145	E	0.00000	0.90265	0.09735	0
146	R	0.00000	0.90264	0.09736	0
147	K	0.00000	0.90264	0.09736	0
148	S	0.00000	0.90261	0.09739	0
149	H	0.00000	0.899	0.10100	0
150	L	0.00000	0.02792	0.97208	0
151	L	0.00001	0.02765	0.97234	0
152	I	0.00002	0.02765	0.97234	0
153	I	0.00008	0.02594	0.97397	0
154	H	0.01788	0.0254	0.95672	0
155	D	0.01963	0.02439	0.95598	0
156	Q	0.01968	0.001	0.97931	0
157	L	0.01968	1e-05	0.98031	0
158	E	0.01968	1e-05	0.98031	0
159	M	0.01968	0	0.98032	0
160	A	0.01968	0	0.98032	0
161	F	0.01969	0	0.98030	0
162	I	0.02184	0	0.97816	0
163	Q	0.09084	0	0.90916	0
164	K	0.09611	0	0.90389	0
165	N	0.09666	0	0.90334	0
166	L	0.07824	0	0.92176	0
167	R	0.07838	0	0.92162	0
168	Q	0.07839	0	0.92161	0
169	L	0.08040	0	0.91960	0
170	N	0.11949	0	0.88051	0
171	Y	0.17212	0	0.82788	0
172	V	0.83712	0	0.16288	0
173	W	0.83983	0	0.16017	0
174	I	0.88923	0	0.11077	0
175	G	0.98077	0	0.01923	0
176	L	0.98078	0	0.01922	0
177	N	0.98076	0	0.01924	0
178	F	0.92845	0	0.07155	0
179	T	0.89149	0	0.10851	0
180	S	0.87499	0	0.12501	0
181	L	0.17379	0	0.82621	0
182	K	0.16521	0	0.83479	0
183	M	0.15160	0	0.84839	0
184	T	0.00002	1e-05	0.99996	0
185	W	0.00002	6e-05	0.99992	0
186	T	0.00001	0.00088	0.99911	0
187	W	0.00001	0.00292	0.99707	0
188	V	0.00001	0.00747	0.99252	0
189	D	0.00001	0.0191	0.98089	0
190	G	0.00001	0.01914	0.98086	0
191	S	0.00001	0.01915	0.98085	0
192	P	0.00001	0.01911	0.98089	0
193	I	0.00000	0.01894	0.98106	0
194	D	0.00000	0.01896	0.98104	0
195	S	0.00000	0.01896	0.98104	0
196	K	0.00000	0.01896	0.98104	0
197	I	0.00000	0.01895	0.98105	0
198	F	0.00000	0.01896	0.98104	0
199	F	0.00000	0.01925	0.98075	0
200	I	0.00000	0.0435	0.95650	0
201	K	0.00000	0.7905	0.20950	0
202	G	0.00000	0.81352	0.18648	0
203	P	0.00000	0.76312	0.23688	0
204	A	0.00000	0.59563	0.40437	0
205	K	0.00000	0.68707	0.31293	0
206	E	0.00000	0.53197	0.46803	0
207	N	0.00000	0.36485	0.63515	0
208	S	0.00000	0.30362	0.69638	0
209	C	0.00000	0.01045	0.98955	0
210	A	0.00000	0.00075	0.99925	0
211	A	0.00000	0.00055	0.99945	0
212	I	0.00000	1e-05	0.99999	0
213	K	0.00023	1e-05	0.99976	0
214	E	0.00023	0	0.99976	0
215	S	0.00023	0	0.99977	0
216	K	0.00023	0	0.99977	0
217	I	0.00023	0	0.99977	0
218	F	0.00023	0	0.99977	0
219	S	0.00023	0	0.99977	0
220	E	0.00023	0	0.99977	0
221	T	0.00023	0	0.99977	0
222	C	0.00023	0	0.99977	0
223	S	0.00023	0	0.99977	0
224	S	0.00023	0	0.99977	0
225	V	0.00023	0	0.99977	0
226	F	0.08666	0	0.91334	0
227	K	0.99004	0	0.00996	0
228	W	0.99004	0	0.00996	0
229	I	0.99009	0	0.00991	0
230	C	0.99354	0	0.00646	0
231	Q	0.99977	0	0.00023	0
232	Y	1.00000	0	0.00000	0
