# UNNAMED
#pos	aa	i	o	M	S
1	M	0.00000	0.14185	0.00000	0.85815
2	D	0.00000	0.14185	0.00000	0.85815
3	N	0.00000	0.14185	0.00000	0.85815
4	G	0.00000	0.14185	0.00000	0.85816
5	M	0.00000	0.14185	0.00000	0.85815
6	F	0.00000	0.14184	0.00001	0.85815
7	S	0.00000	0.14184	0.00001	0.85816
8	G	0.00000	0.1418	0.00004	0.85815
9	F	0.00000	0.14122	0.00063	0.85816
10	I	0.00000	0.14121	0.00064	0.85815
11	M	0.00000	0.14121	0.00064	0.85815
12	I	0.00000	0.14121	0.00064	0.85815
13	K	0.00000	0.14121	0.00064	0.85816
14	N	0.00000	0.14121	0.00064	0.85815
15	L	0.00000	0.14121	0.00064	0.85815
16	L	0.00000	0.14121	0.00064	0.85815
17	L	0.00000	0.14122	0.00064	0.85813
18	F	0.00000	0.14229	0.00064	0.85707
19	C	0.00000	0.14229	0.00064	0.85707
20	I	0.00000	0.14236	0.00064	0.857
21	S	0.00000	0.14236	0.00064	0.857
22	M	0.00000	0.14238	0.00064	0.85698
23	N	0.00000	0.14238	0.00064	0.85697
24	L	0.00000	0.14244	0.00064	0.85692
25	S	0.00000	0.14244	0.00064	0.85693
26	S	0.00000	0.46467	0.00064	0.53469
27	H	0.00000	0.98797	0.00064	0.0114
28	F	0.00000	0.98813	0.00064	0.01123
29	G	0.00000	0.98817	0.00064	0.01119
30	F	0.00001	0.99539	0.00063	0.00398
31	S	0.00029	0.99538	0.00035	0.00398
32	Q	0.00064	0.99587	0.00000	0.00349
33	M	0.00064	0.99588	0.00000	0.00348
34	P	0.00064	0.99588	0.00000	0.00348
35	T	0.00064	0.99588	0.00000	0.00348
36	S	0.00064	0.99588	0.00000	0.00348
37	S	0.00064	0.99588	0.00000	0.00348
38	V	0.00064	0.99936	0.00000	0
39	K	0.00064	0.99936	0.00000	0
40	D	0.00064	0.99936	0.00000	0
41	E	0.00061	0.99936	0.00003	0
42	T	0.00047	0.99936	0.00017	0
43	N	0.00041	0.99936	0.00023	0
44	D	0.00036	0.99936	0.00028	0
45	N	0.00004	0.99936	0.00060	0
46	I	0.00000	0.99936	0.00064	0
47	T	0.00000	0.99936	0.00064	0
48	I	0.00000	0.99936	0.00064	0
49	F	0.00000	0.99936	0.00064	0
50	T	0.00000	0.99936	0.00064	0
51	R	0.00000	0.99936	0.00064	0
52	I	0.00000	0.99936	0.00064	0
53	L	0.00000	0.99936	0.00064	0
54	D	0.00000	0.99936	0.00064	0
55	G	0.00000	0.99936	0.00064	0
56	L	0.00000	0.99936	0.00064	0
57	L	0.00000	0.99936	0.00064	0
58	D	0.00000	0.99936	0.00064	0
59	G	0.00000	0.99936	0.00064	0
60	Y	0.00000	0.99942	0.00058	0
61	D	0.00000	0.9995	0.00050	0
62	N	0.00000	0.99953	0.00047	0
63	R	0.00000	0.99955	0.00045	0
64	L	0.00000	0.99957	0.00043	0
65	R	0.00000	0.99963	0.00037	0
66	P	0.00000	0.99964	0.00036	0
67	G	0.00000	0.9997	0.00030	0
68	L	0.00000	0.99977	0.00023	0
69	G	0.00000	0.99989	0.00011	0
70	E	0.00000	0.99999	0.00001	0
71	R	0.00000	1	0.00000	0
72	I	0.00000	1	0.00000	0
73	T	0.00000	1	0.00000	0
74	Q	0.00000	1	0.00000	0
75	V	0.00000	0.99996	0.00004	0
76	R	0.00000	0.99991	0.00009	0
77	T	0.00000	0.99979	0.00021	0
78	D	0.00000	0.99971	0.00029	0
79	I	0.00000	0.99966	0.00034	0
80	Y	0.00000	0.99964	0.00036	0
81	V	0.00000	0.99963	0.00037	0
82	T	0.00000	0.99963	0.00037	0
83	S	0.00000	0.99963	0.00037	0
84	F	0.00000	0.99963	0.00037	0
85	G	0.00000	0.99963	0.00037	0
86	P	0.00000	0.99963	0.00037	0
87	V	0.00000	0.99963	0.00037	0
88	S	0.00000	0.99963	0.00037	0
89	D	0.00000	0.99963	0.00037	0
90	T	0.00000	0.99963	0.00037	0
91	E	0.00000	0.99963	0.00037	0
92	M	0.00000	0.99963	0.00037	0
93	E	0.00000	0.99963	0.00037	0
94	Y	0.00000	0.99963	0.00036	0
95	T	0.00000	0.99963	0.00036	0
96	I	0.00000	0.99963	0.00036	0
97	D	0.00000	0.99963	0.00036	0
98	V	0.00020	0.99963	0.00017	0
99	F	0.00025	0.99963	0.00012	0
100	F	0.00026	0.99963	0.00011	0
101	R	0.00036	0.99963	0.00001	0
102	Q	0.00037	0.99963	0.00000	0
103	S	0.00037	0.99963	0.00000	0
104	W	0.00037	0.99963	0.00000	0
105	K	0.00037	0.99963	0.00000	0
106	D	0.00037	0.99963	0.00000	0
107	E	0.00037	0.99963	0.00000	0
108	R	0.00037	0.99963	0.00000	0
109	L	0.00037	0.99963	0.00000	0
110	R	0.00037	0.99963	0.00000	0
111	F	0.00037	0.99962	0.00001	0
112	K	0.00037	0.99962	0.00002	0
113	G	0.00036	0.99938	0.00026	0
114	P	0.00036	0.99909	0.00055	0
115	M	0.00035	0.99537	0.00428	0
116	Q	0.00035	0.98884	0.01081	0
117	R	0.00025	0.98724	0.01250	0
118	L	0.00002	0.9851	0.01488	0
119	P	0.00001	0.98477	0.01522	0
120	L	0.00000	0.98459	0.01541	0
121	N	0.00000	0.98457	0.01543	0
122	N	0.00000	0.98447	0.01553	0
123	L	0.00000	0.97209	0.02791	0
124	L	0.00000	0.96506	0.03494	0
125	A	0.00000	0.88997	0.11003	0
126	S	0.00000	0.87799	0.12201	0
127	K	0.00000	0.86071	0.13929	0
128	I	0.00000	0.86071	0.13929	0
129	W	0.00000	0.86071	0.13929	0
130	T	0.00000	0.86071	0.13929	0
131	P	0.00002	0.86071	0.13928	0
132	D	0.00006	0.86071	0.13923	0
133	T	0.00006	0.86042	0.13952	0
134	F	0.00006	0.86038	0.13956	0
135	F	0.00007	0.86035	0.13959	0
136	H	0.00063	0.86035	0.13902	0
137	N	0.00534	0.86041	0.13426	0
138	G	0.00817	0.86055	0.13128	0
139	K	0.01471	0.86069	0.12460	0
140	K	0.01499	0.86069	0.12432	0
141	S	0.01500	0.86069	0.12430	0
142	I	0.01498	0.86069	0.12433	0
143	A	0.01582	0.86069	0.12350	0
144	H	0.10090	0.86068	0.03842	0
145	N	0.12188	0.86068	0.01744	0
146	M	0.12248	0.86068	0.01685	0
147	T	0.13237	0.86066	0.00697	0
148	T	0.13672	0.86066	0.00262	0
149	P	0.13889	0.86066	0.00045	0
150	N	0.13456	0.86066	0.00478	0
151	K	0.13268	0.86066	0.00666	0
152	L	0.11384	0.86066	0.02550	0
153	L	0.11300	0.86066	0.02634	0
154	R	0.11319	0.86066	0.02615	0
155	L	0.10892	0.86066	0.03043	0
156	E	0.10872	0.86066	0.03062	0
157	D	0.10645	0.86066	0.03289	0
158	D	0.09612	0.86066	0.04322	0
159	G	0.01749	0.84312	0.13939	0
160	T	0.00682	0.83561	0.15757	0
161	L	0.00001	0.83502	0.16497	0
162	L	0.00000	0.83449	0.16550	0
163	Y	0.00000	0.83438	0.16562	0
164	T	0.00001	0.83433	0.16566	0
165	M	0.00001	0.83425	0.16574	0
166	R	0.00003	0.83417	0.16580	0
167	L	0.00003	0.83251	0.16746	0
168	T	0.00004	0.83242	0.16755	0
169	I	0.00004	0.83252	0.16744	0
170	S	0.00004	0.83585	0.16411	0
171	A	0.00004	0.83808	0.16188	0
172	E	0.00004	0.84721	0.15275	0
173	C	0.00004	0.84919	0.15077	0
174	P	0.00004	0.84921	0.15076	0
175	M	0.00000	0.84922	0.15078	0
176	Q	0.00000	0.84954	0.15046	0
177	L	0.00004	0.8498	0.15017	0
178	E	0.01687	0.85143	0.13170	0
179	D	0.02186	0.9706	0.00754	0
180	F	0.02231	0.97061	0.00707	0
181	P	0.02532	0.97072	0.00396	0
182	M	0.02563	0.97078	0.00359	0
183	D	0.02585	0.97132	0.00283	0
184	A	0.02587	0.96983	0.00430	0
185	H	0.02595	0.96941	0.00463	0
186	A	0.02602	0.9656	0.00838	0
187	C	0.02656	0.96342	0.01002	0
188	P	0.02783	0.96157	0.01060	0
189	L	0.00785	0.9612	0.03095	0
190	K	0.00476	0.96022	0.03501	0
191	F	0.00277	0.95295	0.04428	0
192	G	0.00250	0.87542	0.12208	0
193	S	0.00250	0.27715	0.72035	0
194	Y	0.00249	0.15437	0.84314	0
195	A	0.00248	0.14519	0.85233	0
196	Y	0.00248	0.14439	0.85312	0
197	P	0.00248	0.14433	0.85318	0
198	N	0.00010	0.14432	0.85558	0
199	S	0.00001	0.14349	0.85650	0
200	E	0.00000	0.14337	0.85663	0
201	V	0.00000	0.13947	0.86053	0
202	V	0.00000	0.13935	0.86065	0
203	Y	0.00000	0.13935	0.86065	0
204	V	0.00000	0.13935	0.86064	0
205	W	0.00010	0.13935	0.86055	0
206	T	0.00333	0.13945	0.85722	0
207	N	0.00782	0.14467	0.84752	0
208	G	0.01091	0.14873	0.84036	0
209	S	0.01158	0.1599	0.82852	0
210	T	0.01507	0.16409	0.82085	0
211	K	0.01532	0.16437	0.82031	0
212	S	0.01535	0.16452	0.82014	0
213	V	0.01491	0.16458	0.82051	0
214	V	0.02542	0.16463	0.80995	0
215	V	0.15507	0.1649	0.68003	0
216	A	0.80986	0.16746	0.02269	0
217	E	0.82566	0.1676	0.00674	0
218	D	0.82792	0.16763	0.00445	0
219	G	0.82896	0.16762	0.00342	0
220	S	0.83079	0.1676	0.00161	0
221	R	0.83105	0.1672	0.00176	0
222	L	0.70352	0.16207	0.13442	0
223	N	0.65260	0.16098	0.18642	0
224	Q	0.52899	0.12272	0.34829	0
225	Y	0.24923	0.07636	0.67441	0
226	H	0.01682	0.00507	0.97811	0
227	L	0.00099	0.00089	0.99812	0
228	M	0.00039	0.00029	0.99932	0
229	G	0.00037	0.00028	0.99935	0
230	Q	0.00037	0.00028	0.99936	0
231	T	0.00037	0.00028	0.99936	0
232	V	0.00037	0.00031	0.99933	0
233	G	0.00037	0.00079	0.99884	0
234	T	0.00037	0.00135	0.99828	0
235	E	0.00037	0.00152	0.99811	0
236	N	0.00037	0.00152	0.99811	0
237	I	0.00037	0.00152	0.99811	0
238	S	0.00037	0.00153	0.99811	0
239	T	0.00037	0.00158	0.99806	0
240	S	0.00037	0.00636	0.99327	0
241	T	0.00038	0.02024	0.97938	0
242	G	0.00043	0.07624	0.92333	0
243	E	0.00046	0.15063	0.84891	0
244	Y	0.00219	0.2052	0.79261	0
245	T	0.04573	0.25146	0.70281	0
246	I	0.09961	0.35812	0.54228	0
247	M	0.14205	0.69905	0.15890	0
248	T	0.16727	0.81635	0.01638	0
249	A	0.16773	0.83206	0.00021	0
250	H	0.16773	0.83226	0.00001	0
251	F	0.16773	0.83188	0.00039	0
252	H	0.16773	0.83174	0.00053	0
253	L	0.16756	0.83147	0.00096	0
254	K	0.16755	0.83141	0.00103	0
255	R	0.16755	0.82513	0.00732	0
256	K	0.16755	0.81913	0.01333	0
257	I	0.16292	0.2843	0.55278	0
258	G	0.15574	0.17574	0.66852	0
259	Y	0.08242	0.00455	0.91302	0
260	F	0.03701	0.00036	0.96263	0
261	V	0.00313	1e-05	0.99686	0
262	I	0.00011	0	0.99989	0
263	Q	0.00009	0	0.99991	0
264	T	0.00004	0	0.99996	0
265	Y	0.00002	0	0.99998	0
266	L	0.00001	0	0.99999	0
267	P	0.00001	0	0.99999	0
268	C	0.00000	0	1.00000	0
269	I	0.00000	0	1.00000	0
270	M	0.00000	0	1.00000	0
271	T	0.00000	0	1.00000	0
272	V	0.00000	0	1.00000	0
273	I	0.00016	0	0.99984	0
274	L	0.00160	0	0.99839	0
275	S	0.00517	6e-05	0.99477	0
276	Q	0.03570	0.00014	0.96416	0
277	V	0.45458	0.00028	0.54514	0
278	S	0.72851	0.00188	0.26961	0
279	F	0.81875	0.00425	0.17700	0
280	W	0.82666	0.02669	0.14664	0
281	L	0.83198	0.0735	0.09451	0
282	N	0.83226	0.15887	0.00887	0
283	R	0.83227	0.16736	0.00037	0
284	E	0.83227	0.16769	0.00004	0
285	S	0.83226	0.1677	0.00005	0
286	V	0.83213	0.1677	0.00017	0
287	P	0.83168	0.16772	0.00060	0
288	A	0.66478	0.16773	0.16749	0
289	R	0.64294	0.16773	0.18933	0
290	T	0.29466	0.16772	0.53761	0
291	V	0.04487	0.16772	0.78741	0
292	F	0.00607	0.16772	0.82621	0
293	G	0.00121	0.16772	0.83107	0
294	V	0.00006	0.16772	0.83222	0
295	T	0.00005	0.16772	0.83223	0
296	T	0.00003	0.16772	0.83224	0
297	V	0.00001	0.16772	0.83227	0
298	L	0.00001	0.16772	0.83227	0
299	T	0.00000	0.16772	0.83227	0
300	M	0.00000	0.16772	0.83227	0
301	T	0.00000	0.16772	0.83227	0
302	T	0.00000	0.16772	0.83227	0
303	L	0.00000	0.16772	0.83227	0
304	S	0.00000	0.16772	0.83227	0
305	I	0.00000	0.16773	0.83227	0
306	S	0.00000	0.16796	0.83203	0
307	A	0.00000	0.17689	0.82310	0
308	R	0.00000	0.38891	0.61109	0
309	N	0.00001	0.57718	0.42281	0
310	S	0.00001	0.7433	0.25670	0
311	L	0.00001	0.79746	0.20253	0
312	P	0.00001	0.97346	0.02653	0
313	K	0.00001	0.99986	0.00012	0
314	V	0.00001	0.99886	0.00113	0
315	A	0.00001	0.9966	0.00338	0
316	Y	0.00001	0.84254	0.15745	0
317	A	0.00001	0.8424	0.15759	0
318	T	0.00001	0.84239	0.15760	0
319	A	0.00001	0.84232	0.15767	0
320	M	0.00001	0.84205	0.15794	0
321	D	0.00001	0.84175	0.15824	0
322	W	0.00001	0.37548	0.62452	0
323	F	0.00001	0.24304	0.75695	0
324	I	0.00000	0.1936	0.80640	0
325	A	0.00000	0.18906	0.81094	0
326	V	0.00000	0.18383	0.81617	0
327	C	0.00000	0.18288	0.81712	0
328	Y	0.00000	0.01302	0.98698	0
329	A	0.00000	0.00069	0.99931	0
330	F	0.00000	0.00023	0.99977	0
331	V	0.00000	0.0002	0.99980	0
332	F	0.00000	0	1.00000	0
333	S	0.00000	0	1.00000	0
334	A	0.00000	0	1.00000	0
335	L	0.00001	0	0.99999	0
336	I	0.00004	0	0.99996	0
337	E	0.00207	0	0.99793	0
338	F	0.00250	0	0.99750	0
339	A	0.03404	0	0.96596	0
340	T	0.08072	0	0.91928	0
341	V	0.09609	0	0.90391	0
342	N	0.13242	0	0.86758	0
343	Y	0.13497	0	0.86502	0
344	F	0.15082	1e-05	0.84918	0
345	T	0.44317	1e-05	0.55682	0
346	K	0.78910	1e-05	0.21089	0
347	R	0.80742	1e-05	0.19256	0
348	G	0.80909	1e-05	0.19089	0
349	W	0.80940	1e-05	0.19059	0
350	A	0.82334	1e-05	0.17665	0
351	W	0.88413	1e-05	0.11586	0
352	D	0.99993	1e-05	0.00006	0
353	G	0.99996	1e-05	0.00003	0
354	K	0.99999	1e-05	0.00000	0
355	K	0.99999	1e-05	0.00000	0
356	A	0.99999	1e-05	0.00000	0
357	L	0.99999	1e-05	0.00000	0
358	E	0.99999	1e-05	0.00000	0
359	A	0.99999	1e-05	0.00000	0
360	A	0.99998	1e-05	0.00001	0
361	K	0.99829	1e-05	0.00169	0
362	I	0.99723	1e-05	0.00275	0
363	K	0.99723	1e-05	0.00275	0
364	K	0.99723	1e-05	0.00275	0
365	K	0.99723	1e-05	0.00275	0
366	R	0.99723	1e-05	0.00275	0
367	E	0.99723	1e-05	0.00276	0
368	V	0.02167	1e-05	0.97832	0
369	I	0.00630	1e-05	0.99370	0
370	L	0.00629	1e-05	0.99370	0
371	N	0.00629	1e-05	0.99370	0
372	K	0.00629	1e-05	0.99370	0
373	S	0.00629	1e-05	0.99370	0
374	T	0.00629	1e-05	0.99371	0
375	N	0.00628	1e-05	0.99372	0
376	A	0.00600	1e-05	0.99399	0
377	F	0.00439	1e-05	0.99560	0
378	T	0.00342	1e-05	0.99658	0
379	T	0.00067	1e-05	0.99932	0
380	G	0.00065	0.00018	0.99917	0
381	K	0.00065	0.00088	0.99847	0
382	M	0.00065	0.00092	0.99844	0
383	S	0.00065	0.00151	0.99784	0
384	H	0.00065	0.00213	0.99723	0
385	P	0.00065	0.00245	0.99690	0
386	P	0.00065	0.00442	0.99493	0
387	N	0.00065	0.03799	0.96136	0
388	I	0.00065	0.07323	0.92612	0
389	P	0.00065	0.93512	0.06423	0
390	K	0.00065	0.99095	0.00840	0
391	E	0.00065	0.99344	0.00591	0
392	Q	0.00065	0.99364	0.00571	0
393	T	0.00064	0.99367	0.00569	0
394	P	0.00064	0.99368	0.00567	0
395	A	0.00064	0.9937	0.00566	0
396	G	0.00064	0.99388	0.00548	0
397	T	0.00064	0.99424	0.00512	0
398	S	0.00064	0.99471	0.00464	0
399	N	0.00064	0.99552	0.00383	0
400	T	0.00064	0.99607	0.00329	0
401	T	0.00064	0.99644	0.00292	0
402	S	0.00064	0.99706	0.00230	0
403	V	0.00064	0.99739	0.00196	0
404	S	0.00064	0.99845	0.00091	0
405	V	0.00064	0.99877	0.00058	0
406	K	0.00064	0.99934	0.00002	0
407	P	0.00064	0.99934	0.00001	0
408	S	0.00064	0.99935	0.00001	0
409	E	0.00064	0.99935	0.00001	0
410	E	0.00064	0.99935	0.00001	0
411	K	0.00064	0.99935	0.00001	0
412	T	0.00064	0.99935	0.00001	0
413	S	0.00064	0.99935	0.00001	0
414	E	0.00064	0.99936	0.00000	0
415	S	0.00064	0.99936	0.00000	0
416	K	0.00064	0.99936	0.00000	0
417	K	0.00064	0.99936	0.00000	0
418	T	0.00064	0.99936	0.00000	0
419	Y	0.00064	0.99936	0.00000	0
420	N	0.00064	0.99936	0.00000	0
421	S	0.00064	0.99935	0.00001	0
422	I	0.00064	0.99935	0.00001	0
423	S	0.00064	0.99929	0.00007	0
424	K	0.00064	0.99844	0.00092	0
425	I	0.00064	0.99808	0.00128	0
426	D	0.00064	0.99261	0.00676	0
427	K	0.00064	0.89357	0.10579	0
428	M	0.00064	0.05706	0.94230	0
429	S	0.00064	0.01274	0.98662	0
430	R	0.00064	0.00513	0.99424	0
431	I	0.00064	5e-05	0.99931	0
432	V	0.00064	0	0.99936	0
433	F	0.00064	0	0.99936	0
434	P	0.00064	0	0.99936	0
435	V	0.00064	0	0.99936	0
436	L	0.00064	0	0.99936	0
437	F	0.00064	0	0.99936	0
438	G	0.00064	0	0.99936	0
439	T	0.00064	0	0.99936	0
440	F	0.00064	0	0.99936	0
441	N	0.00064	1e-05	0.99936	0
442	L	0.00064	0	0.99936	0
443	V	0.00064	0	0.99936	0
444	Y	0.00073	0	0.99927	0
445	W	0.00186	0	0.99814	0
446	A	0.00517	0	0.99483	0
447	T	0.01911	0	0.98089	0
448	Y	0.16250	0	0.83750	0
449	L	0.67086	0	0.32914	0
450	N	0.99833	0	0.00167	0
451	R	0.99999	0	0.00001	0
452	E	0.99999	0	0.00001	0
453	P	0.99999	0	0.00001	0
454	V	0.99999	0	0.00001	0
455	I	0.99999	0	0.00001	0
456	K	0.99999	0	0.00001	0
457	G	0.99999	0	0.00001	0
458	A	0.99999	0	0.00001	0
459	A	0.99999	0	0.00001	0
460	S	0.99999	0	0.00001	0
461	P	0.99999	0	0.00001	0
462	K	1.00000	0	0.00000	0
