# UNNAMED
#pos	aa	i	o	M	S
1	M	0.00000	0.99985	0.00000	0.00015
2	G	0.00000	0.99985	0.00000	0.00015
3	I	0.00000	0.99985	0.00000	0.00015
4	G	0.00000	0.99985	0.00000	0.00015
5	R	0.00000	0.99985	0.00000	0.00015
6	S	0.00000	0.99964	0.00021	0.00015
7	E	0.00000	0.99618	0.00367	0.00015
8	G	0.00000	0.96078	0.03907	0.00015
9	G	0.00000	0.92901	0.07083	0.00015
10	R	0.00000	0.91151	0.08834	0.00015
11	R	0.00000	0.83004	0.16981	0.00015
12	G	0.00000	0.65101	0.34884	0.00015
13	A	0.00000	0.47544	0.52441	0.00015
14	A	0.00000	0.33757	0.66228	0.00015
15	L	0.00000	0.21964	0.78021	0.00015
16	G	0.00000	0.13991	0.85994	0.00015
17	V	0.00000	0.02373	0.97611	0.00015
18	L	0.00000	0.00754	0.99230	0.00015
19	L	0.00000	0.00182	0.99802	0.00015
20	A	0.00000	0.00037	0.99948	0.00015
21	L	0.00000	9e-05	0.99976	0.00015
22	G	0.00000	5e-05	0.99980	0.00015
23	A	0.00000	3e-05	0.99982	0.00015
24	A	0.00000	1e-05	0.99984	0.00015
25	L	0.00001	0	0.99984	0.00015
26	L	0.00024	0	0.99961	0.00015
27	A	0.00224	0	0.99760	0.00015
28	V	0.01612	1e-05	0.98373	0.00015
29	G	0.08700	1e-05	0.91285	0.00015
30	S	0.21499	1e-05	0.78485	0.00015
31	A	0.27090	4e-05	0.72895	0.00011
32	S	0.33909	0.00013	0.66076	3e-05
33	E	0.34271	0.00014	0.65714	1e-05
34	Y	0.32870	0.00015	0.67115	0
35	D	0.31431	0.00015	0.68554	0
36	Y	0.08486	0.00015	0.91499	0
37	V	0.05632	0.00015	0.94354	0
38	S	0.07666	0.00015	0.92319	0
39	F	0.33715	0.00015	0.66271	0
40	Q	0.58646	0.00015	0.41339	0
41	S	0.64611	0.00015	0.35374	0
42	D	0.64671	0.00015	0.35315	0
43	I	0.64672	0.00015	0.35313	0
44	G	0.64729	0.00015	0.35256	0
45	P	0.64748	0.00015	0.35238	0
46	Y	0.64749	0.00015	0.35236	0
47	Q	0.64759	0.00015	0.35227	0
48	S	0.64759	0.00015	0.35226	0
49	G	0.64759	0.00026	0.35216	0
50	R	0.64759	0.0069	0.34551	0
51	F	0.64759	0.00686	0.34555	0
52	Y	0.64759	0.01206	0.34036	0
53	T	0.64759	0.0154	0.33701	0
54	K	0.64759	0.10957	0.24284	0
55	P	0.64759	0.16276	0.18964	0
56	P	0.64759	0.19619	0.15622	0
57	Q	0.00034	0.28215	0.71751	0
58	C	0.00001	0.35161	0.64839	0
59	V	0.00001	0.35216	0.64783	0
60	D	0.00001	0.35225	0.64774	0
61	I	0.00001	0.35225	0.64774	0
62	P	0.00001	0.35218	0.64782	0
63	A	0.00001	0.34881	0.65118	0
64	D	0.00001	0.34745	0.65254	0
65	L	0.00000	0.20016	0.79984	0
66	R	0.00000	0.19766	0.80234	0
67	L	0.00000	0.19038	0.80962	0
68	C	0.00000	0.18921	0.81079	0
69	H	0.00000	0.17466	0.82533	0
70	N	0.00008	0.17203	0.82789	0
71	V	0.00012	0.07376	0.92612	0
72	G	0.00013	0.06161	0.93826	0
73	Y	0.00014	0.03574	0.96412	0
74	K	0.00015	0.03163	0.96822	0
75	K	0.00015	0.01366	0.98619	0
76	M	0.00015	0.018	0.98186	0
77	V	0.00015	0.08281	0.91704	0
78	L	0.00015	0.22758	0.77228	0
79	P	0.00015	0.62971	0.37015	0
80	N	0.00005	0.65934	0.34061	0
81	L	0.00000	0.65943	0.34057	0
82	L	0.00000	0.65952	0.34048	0
83	E	0.00000	0.65962	0.34038	0
84	H	0.00000	0.65962	0.34038	0
85	E	0.00024	0.65962	0.34014	0
86	T	0.06891	0.65962	0.27147	0
87	M	0.13498	0.65962	0.20539	0
88	A	0.16502	0.65962	0.17535	0
89	E	0.16651	0.65962	0.17386	0
90	V	0.19161	0.62563	0.18276	0
91	K	0.19716	0.62176	0.18108	0
92	Q	0.20298	0.56696	0.23006	0
93	Q	0.21509	0.53407	0.25084	0
94	A	0.33648	0.38923	0.27429	0
95	S	0.33801	0.32047	0.34151	0
96	S	0.34006	0.18681	0.47313	0
97	W	0.34020	0.01008	0.64972	0
98	V	0.34021	0.00777	0.65202	0
99	P	0.34003	0.00772	0.65225	0
100	L	0.33052	0.00772	0.66176	0
101	L	0.32735	0.00773	0.66492	0
102	N	0.31231	0.00786	0.67983	0
103	K	0.28037	0.00786	0.71177	0
104	N	0.18882	0.00771	0.80347	0
105	C	0.13522	0.00639	0.85840	0
106	H	0.13405	0.00025	0.86570	0
107	A	0.11853	0.00015	0.88133	0
108	G	0.10354	0.00015	0.89632	0
109	T	0.09521	0.00015	0.90464	0
110	Q	0.09261	0.00015	0.90725	0
111	V	0.01190	0.00015	0.98795	0
112	F	0.00377	0.00015	0.99608	0
113	L	0.00677	0.00014	0.99309	0
114	C	0.15665	0.00014	0.84321	0
115	S	0.20115	0.00014	0.79871	0
116	L	0.21315	0.00014	0.78671	0
117	F	0.28999	0.00014	0.70986	0
118	A	0.63936	0.00015	0.36049	0
119	P	0.65189	0.00018	0.34792	0
120	V	0.65189	0.00095	0.34716	0
121	C	0.65189	0.01005	0.33806	0
122	L	0.65189	0.01306	0.33505	0
123	D	0.65189	0.14713	0.20098	0
124	R	0.65189	0.14951	0.19859	0
125	P	0.65962	0.15086	0.18952	0
126	I	0.65960	0.1519	0.18850	0
127	Y	0.65909	0.18553	0.15538	0
128	P	0.65778	0.21372	0.12850	0
129	C	0.56738	0.25308	0.17954	0
130	R	0.56694	0.2579	0.17516	0
131	W	0.55285	0.26465	0.18250	0
132	L	0.53161	0.29143	0.17696	0
133	C	0.35277	0.33267	0.31456	0
134	E	0.35012	0.33903	0.31085	0
135	A	0.02510	0.3396	0.63530	0
136	V	0.00800	0.33906	0.65294	0
137	R	0.00780	0.33906	0.65314	0
138	D	0.00775	0.33906	0.65319	0
139	S	0.00105	0.33807	0.66087	0
140	C	0.00017	0.33761	0.66222	0
141	E	0.00019	0.33754	0.66228	0
142	P	0.00027	0.33709	0.66264	0
143	V	0.00025	0.27747	0.72228	0
144	M	0.00025	0.27673	0.72302	0
145	Q	0.00025	0.27532	0.72443	0
146	F	0.00018	0.26673	0.73309	0
147	F	0.00015	0.25594	0.74391	0
148	G	0.00015	0.25367	0.74618	0
149	F	0.00015	0.25903	0.74082	0
150	Y	0.00015	0.30407	0.69579	0
151	W	0.00015	0.33275	0.66710	0
152	P	0.00016	0.3793	0.62054	0
153	E	0.00020	0.44427	0.55553	0
154	M	0.00023	0.45635	0.54343	0
155	L	0.00028	0.58833	0.41140	0
156	K	0.00043	0.89903	0.10053	0
157	C	0.00042	0.90334	0.09624	0
158	D	0.00112	0.9109	0.08798	0
159	K	0.00116	0.91096	0.08788	0
160	F	0.00118	0.91097	0.08785	0
161	P	0.00264	0.91115	0.08620	0
162	E	0.00271	0.9112	0.08608	0
163	G	0.00277	0.9112	0.08602	0
164	D	0.00329	0.91105	0.08566	0
165	V	0.00293	0.89349	0.10358	0
166	C	0.00299	0.85807	0.13894	0
167	I	0.00910	0.79046	0.20044	0
168	A	0.03346	0.78834	0.17820	0
169	M	0.06443	0.7883	0.14727	0
170	T	0.08335	0.78836	0.12829	0
171	P	0.08760	0.78713	0.12527	0
172	P	0.08782	0.78712	0.12506	0
173	N	0.08783	0.78706	0.12511	0
174	A	0.08783	0.78362	0.12854	0
175	T	0.08784	0.78363	0.12854	0
176	E	0.08784	0.78368	0.12848	0
177	A	0.08744	0.78315	0.12941	0
178	S	0.08743	0.78316	0.12941	0
179	K	0.08719	0.78314	0.12967	0
180	P	0.08672	0.78166	0.13162	0
181	Q	0.04882	0.77697	0.17421	0
182	G	0.01194	0.76424	0.22382	0
183	T	0.01080	0.75812	0.23109	0
184	T	0.01072	0.75799	0.23129	0
185	V	0.01022	0.75614	0.23365	0
186	C	0.01032	0.75641	0.23327	0
187	P	0.02136	0.75607	0.22257	0
188	P	0.03135	0.75611	0.21254	0
189	C	0.03614	0.75382	0.21004	0
190	D	0.12653	0.75364	0.11983	0
191	N	0.12895	0.2472	0.62385	0
192	E	0.12937	0.23729	0.63334	0
193	L	0.12909	0.2195	0.65141	0
194	K	0.13425	0.2193	0.64645	0
195	S	0.13502	0.01061	0.85436	0
196	E	0.13585	0.00077	0.86338	0
197	A	0.13596	0.00041	0.86363	0
198	I	0.13614	0.0004	0.86346	0
199	I	0.13728	0.00051	0.86221	0
200	E	0.13793	0.00404	0.85804	0
201	H	0.13798	0.00594	0.85608	0
202	L	0.13801	0.00852	0.85347	0
203	C	0.13843	0.03293	0.82865	0
204	A	0.14422	0.03929	0.81650	0
205	S	0.15803	0.06518	0.77679	0
206	E	0.16344	0.07468	0.76188	0
207	F	0.16345	0.0747	0.76185	0
208	A	0.16365	0.07477	0.76157	0
209	L	0.16396	0.07593	0.76011	0
210	R	0.16557	0.07801	0.75642	0
211	M	0.16810	0.0781	0.75381	0
212	K	0.22993	0.07841	0.69166	0
213	I	0.25400	0.07844	0.66756	0
214	K	0.68313	0.0787	0.23818	0
215	E	0.85089	0.07871	0.07040	0
216	V	0.85248	0.07871	0.06881	0
217	K	0.92001	0.07871	0.00129	0
218	K	0.92119	0.07871	0.00010	0
219	E	0.92129	0.07871	0.00000	0
220	N	0.92129	0.07871	0.00000	0
221	G	0.92129	0.07871	0.00000	0
222	D	0.92129	0.07871	0.00000	0
223	K	0.92129	0.07871	0.00000	0
224	K	0.92129	0.07871	0.00000	0
225	I	0.92124	0.07871	0.00005	0
226	V	0.92120	0.07871	0.00010	0
227	P	0.92118	0.07871	0.00012	0
228	K	0.92117	0.07871	0.00012	0
229	K	0.92076	0.07871	0.00053	0
230	K	0.92069	0.07871	0.00060	0
231	K	0.91407	0.07871	0.00722	0
232	P	0.91403	0.07871	0.00726	0
233	L	0.91403	0.07871	0.00726	0
234	K	0.91403	0.07871	0.00726	0
235	L	0.91398	0.07871	0.00731	0
236	G	0.91390	0.07871	0.00740	0
237	P	0.91246	0.07871	0.00883	0
238	I	0.91246	0.07871	0.00883	0
239	K	0.91246	0.07871	0.00883	0
240	K	0.91245	0.07871	0.00884	0
241	K	0.91245	0.07871	0.00884	0
242	D	0.91241	0.07871	0.00889	0
243	L	0.61691	0.07871	0.30438	0
244	K	0.03242	0.07876	0.88882	0
245	K	0.03220	0.0787	0.88910	0
246	L	0.00482	0.07664	0.91854	0
247	V	0.00424	0.02822	0.96754	0
248	L	0.00201	0.0035	0.99449	0
249	Y	0.00199	0.00249	0.99552	0
250	L	0.00057	0.00168	0.99775	0
251	K	0.00057	0.00723	0.99220	0
252	N	0.00057	0.00619	0.99324	0
253	G	0.00057	0.00292	0.99651	0
254	A	0.00057	0.00086	0.99857	0
255	D	0.00057	0.00168	0.99775	0
256	C	0.00057	0.0018	0.99763	0
257	P	0.00057	0.00191	0.99751	0
258	C	0.00057	0.00205	0.99738	0
259	H	0.00057	0.00212	0.99731	0
260	Q	0.00057	0.00207	0.99736	0
261	L	0.00057	0.00213	0.99730	0
262	D	0.00057	0.39666	0.60277	0
263	N	0.00057	0.43546	0.56397	0
264	L	0.00057	0.62303	0.37640	0
265	S	0.00057	0.74698	0.25245	0
266	H	0.00057	0.51075	0.48868	0
267	H	0.00059	0.00452	0.99489	0
268	F	0.00033	0.00027	0.99940	0
269	L	0.00075	0.00072	0.99854	0
270	I	0.00183	0.00307	0.99510	0
271	M	0.00601	0.01465	0.97933	0
272	G	0.01912	0.01948	0.96140	0
273	R	0.08512	0.01958	0.89530	0
274	K	0.08512	0.01958	0.89530	0
275	V	0.08512	0.01958	0.89530	0
276	K	0.08512	0.01958	0.89530	0
277	S	0.08512	0.01958	0.89530	0
278	Q	0.08512	0.01958	0.89530	0
279	Y	0.08512	0.01958	0.89530	0
280	L	0.08512	0.01958	0.89530	0
281	L	0.08512	0.01958	0.89530	0
282	T	0.08513	0.01958	0.89529	0
283	A	0.08528	0.01958	0.89514	0
284	I	0.09062	0.01958	0.88981	0
285	H	0.15542	0.01958	0.82501	0
286	K	0.97985	0.0196	0.00055	0
287	W	0.97985	0.01963	0.00053	0
288	D	0.97985	0.02014	0.00001	0
289	K	0.97985	0.02015	0.00000	0
290	K	0.97985	0.02015	0.00000	0
291	N	0.97985	0.02004	0.00011	0
292	K	0.97985	0.01984	0.00031	0
293	E	0.97985	0.01905	0.00110	0
294	F	0.97985	0.01646	0.00369	0
295	K	0.97985	0.013	0.00715	0
296	N	0.97985	2e-05	0.02013	0
297	F	0.97985	0	0.02015	0
298	M	0.97985	0	0.02015	0
299	K	0.97985	0	0.02015	0
300	K	0.97985	0	0.02015	0
301	M	0.97985	0	0.02015	0
302	K	0.97985	0	0.02015	0
303	N	0.97985	0	0.02015	0
304	H	0.97985	0	0.02015	0
305	E	0.97985	0	0.02015	0
306	C	0.97985	0	0.02015	0
307	P	0.97985	0	0.02015	0
308	T	0.97985	0	0.02015	0
309	F	0.97985	0	0.02015	0
310	Q	0.97985	0	0.02015	0
311	S	0.97985	0	0.02015	0
312	V	0.97986	0	0.02014	0
313	F	0.98006	0	0.01994	0
314	K	1.00000	0	0.00000	0
