# UNNAMED
#pos	aa	i	o	M	S
1	M	0.00000	1	0.00000	0
2	T	0.00000	1	0.00000	0
3	S	0.00000	1	0.00000	0
4	E	0.00000	0.99998	0.00002	0
5	I	0.00000	0.99958	0.00042	0
6	T	0.00000	0.99944	0.00056	0
7	Y	0.00000	0.99863	0.00137	0
8	A	0.00000	0.99816	0.00184	0
9	E	0.00000	0.9957	0.00430	0
10	V	0.00000	0.99254	0.00746	0
11	R	0.00000	0.99241	0.00759	0
12	F	0.00000	0.9888	0.01120	0
13	K	0.00000	0.98506	0.01494	0
14	N	0.00000	0.94278	0.05722	0
15	E	0.00000	0.7388	0.26120	0
16	F	0.00000	0.06163	0.93837	0
17	K	0.00000	0.02011	0.97989	0
18	S	0.00000	0.00706	0.99294	0
19	S	0.00000	0.00075	0.99925	0
20	G	0.00000	0.0001	0.99990	0
21	I	0.00000	0	1.00000	0
22	N	0.00000	0	1.00000	0
23	T	0.00000	0	1.00000	0
24	A	0.00000	0	1.00000	0
25	S	0.00001	0	0.99999	0
26	S	0.00003	0	0.99997	0
27	A	0.00003	0	0.99997	0
28	A	0.00014	0	0.99986	0
29	S	0.00200	0	0.99800	0
30	K	0.00526	0	0.99474	0
31	E	0.00771	0	0.99229	0
32	R	0.01072	0	0.98928	0
33	T	0.01346	0	0.98654	0
34	A	0.02815	0	0.97185	0
35	P	0.89804	0	0.10196	0
36	H	0.90359	0	0.09641	0
37	K	0.99772	0	0.00228	0
38	S	0.99799	0	0.00201	0
39	N	0.99892	0	0.00108	0
40	T	0.99924	0	0.00076	0
41	G	0.99950	0	0.00050	0
42	F	0.99949	0	0.00051	0
43	P	0.99949	0	0.00051	0
44	K	0.96653	0	0.03347	0
45	L	0.56826	0	0.43174	0
46	L	0.40896	0	0.59104	0
47	C	0.36410	0	0.63590	0
48	A	0.31907	0	0.68093	0
49	S	0.21771	0	0.78229	0
50	L	0.00815	0	0.99185	0
51	L	0.00015	0	0.99985	0
52	I	0.00000	0	1.00000	0
53	F	0.00000	0	1.00000	0
54	F	0.00000	0	1.00000	0
55	L	0.00000	2e-05	0.99998	0
56	L	0.00000	0.00014	0.99986	0
57	L	0.00000	0.00034	0.99966	0
58	A	0.00000	0.00047	0.99953	0
59	I	0.00000	0.00047	0.99953	0
60	S	0.00000	0.00049	0.99951	0
61	F	0.00000	0.00051	0.99949	0
62	F	0.00000	0.00543	0.99457	0
63	I	0.00000	0.00543	0.99457	0
64	A	0.00000	0.00552	0.99448	0
65	F	0.00000	0.00574	0.99426	0
66	V	0.00000	0.01313	0.98687	0
67	I	0.00000	0.03234	0.96766	0
68	F	0.00000	0.08394	0.91606	0
69	F	0.00000	0.18947	0.81053	0
70	Q	0.00000	0.81397	0.18603	0
71	K	0.00000	0.97335	0.02665	0
72	Y	0.00000	0.9918	0.00820	0
73	S	0.00000	0.99445	0.00555	0
74	Q	0.00000	0.99457	0.00543	0
75	L	0.00000	0.99457	0.00543	0
76	L	0.00000	0.99457	0.00543	0
77	E	0.00000	0.99457	0.00543	0
78	K	0.00000	0.99451	0.00549	0
79	K	0.00000	0.99451	0.00549	0
80	T	0.00000	0.99451	0.00549	0
81	T	0.00000	0.99451	0.00549	0
82	K	0.00000	0.99451	0.00549	0
83	E	0.00000	0.99451	0.00549	0
84	L	0.00000	0.02196	0.97804	0
85	V	0.00001	0	0.99999	0
86	H	0.00002	0	0.99998	0
87	T	0.00031	0	0.99969	0
88	T	0.00044	0	0.99956	0
89	L	0.00045	0	0.99955	0
90	E	0.00046	0	0.99954	0
91	C	0.00481	0	0.99519	0
92	V	0.00532	0	0.99468	0
93	K	0.00538	0	0.99462	0
94	K	0.00543	0	0.99457	0
95	N	0.00543	0	0.99457	0
96	M	0.00543	0	0.99457	0
97	P	0.00549	0	0.99451	0
98	V	0.00549	0	0.99451	0
99	E	0.00549	0	0.99451	0
100	E	0.00548	0	0.99452	0
101	T	0.00533	0	0.99467	0
102	A	0.00418	0	0.99582	0
103	W	0.18230	0	0.81770	0
104	S	0.94094	0	0.05906	0
105	C	0.99463	0	0.00537	0
106	C	0.99467	0	0.00533	0
107	P	0.99467	0	0.00533	0
108	K	0.99465	0	0.00535	0
109	N	0.99459	0	0.00541	0
110	W	0.99458	0	0.00542	0
111	K	0.99458	0	0.00542	0
112	S	0.99452	0	0.00548	0
113	F	0.99451	0	0.00549	0
114	S	0.96571	0	0.03429	0
115	S	0.92726	0	0.07274	0
116	N	0.58449	0	0.41551	0
117	C	0.02173	0	0.97827	0
118	Y	0.01532	0	0.98468	0
119	F	0.00081	0	0.99919	0
120	I	0.00008	0	0.99992	0
121	S	0.00006	0.00016	0.99978	0
122	T	0.00006	0.0004	0.99954	0
123	E	0.00003	0.003	0.99696	0
124	S	0.00002	0.00309	0.99689	0
125	A	0.00000	0.00333	0.99667	0
126	S	0.00000	0.00452	0.99548	0
127	W	0.00000	0.00509	0.99491	0
128	Q	0.00000	0.00538	0.99462	0
129	D	0.00000	0.00542	0.99458	0
130	S	0.00000	0.00542	0.99458	0
131	E	0.00000	0.00548	0.99452	0
132	K	0.00000	0.01817	0.98183	0
133	D	0.00000	0.04254	0.95746	0
134	C	0.00000	0.04387	0.95613	0
135	A	0.00000	0.05296	0.94704	0
136	R	0.00000	0.43299	0.56701	0
137	M	0.00000	0.48566	0.51434	0
138	E	0.00000	0.83406	0.16594	0
139	A	0.00000	0.85498	0.14502	0
140	H	0.00000	0.99223	0.00777	0
141	L	0.00000	0.99721	0.00279	0
142	L	0.00000	0.9972	0.00280	0
143	V	0.00000	0.9955	0.00450	0
144	I	0.00000	0.99426	0.00574	0
145	N	0.00000	0.99427	0.00573	0
146	T	0.00000	0.97888	0.02112	0
147	Q	0.00000	0.97888	0.02112	0
148	E	0.00000	0.97888	0.02112	0
149	E	0.00000	0.97887	0.02113	0
150	Q	0.00000	0.97855	0.02145	0
151	D	0.00000	0.97544	0.02456	0
152	F	0.00000	0.96551	0.03449	0
153	I	0.00000	0.93645	0.06355	0
154	F	0.00000	0.13109	0.86891	0
155	Q	0.00034	0.01308	0.98658	0
156	N	0.00050	0.00252	0.99699	0
157	L	0.00062	0.00052	0.99886	0
158	Q	0.00224	0.00019	0.99757	0
159	E	0.00229	0.00015	0.99756	0
160	E	0.00230	7e-05	0.99763	0
161	S	0.00230	0	0.99770	0
162	A	0.00230	0	0.99770	0
163	Y	0.00231	0	0.99769	0
164	F	0.00216	0	0.99784	0
165	V	0.00279	0	0.99721	0
166	G	0.00633	0	0.99367	0
167	L	0.00686	0	0.99314	0
168	S	0.01945	0	0.98055	0
169	D	0.02090	0	0.97910	0
170	P	0.02107	0	0.97893	0
171	E	0.02156	0	0.97844	0
172	G	0.02079	0	0.97921	0
173	Q	0.02720	0	0.97280	0
174	R	0.03122	0	0.96878	0
175	H	0.02852	0	0.97148	0
176	W	0.07166	0	0.92834	0
177	Q	0.91209	0	0.08791	0
178	W	0.93555	0	0.06445	0
179	V	0.99239	0	0.00761	0
180	D	0.99348	0	0.00652	0
181	Q	0.99348	0	0.00652	0
182	T	0.99348	0	0.00652	0
183	P	0.99348	1e-05	0.00652	0
184	Y	0.99348	2e-05	0.00650	0
185	N	0.99348	0.00012	0.00640	0
186	E	0.99348	0.0002	0.00632	0
187	S	0.13047	0.0002	0.86934	0
188	S	0.11378	0.00017	0.88605	0
189	T	0.01616	0.00016	0.98368	0
190	F	0.00000	1e-05	0.99999	0
191	W	0.00000	3e-05	0.99997	0
192	H	0.00000	0.00029	0.99971	0
193	P	0.00000	0.00099	0.99901	0
194	R	0.00000	0.00411	0.99589	0
195	E	0.00000	0.00589	0.99411	0
196	P	0.00000	0.00613	0.99387	0
197	S	0.00000	0.00631	0.99369	0
198	D	0.00000	0.00632	0.99368	0
199	P	0.00000	0.00632	0.99368	0
200	N	0.00000	0.00631	0.99369	0
201	E	0.00000	0.00631	0.99369	0
202	R	0.00000	0.00629	0.99371	0
203	C	0.00000	0.00626	0.99374	0
204	V	0.00000	0.00619	0.99381	0
205	V	0.00000	0.00542	0.99458	0
206	L	0.00000	0.01067	0.98933	0
207	N	0.00000	0.29245	0.70755	0
208	F	0.00000	0.29842	0.70157	0
209	R	0.00020	0.92722	0.07258	0
210	K	0.00020	0.99455	0.00525	0
211	S	0.00020	0.99538	0.00442	0
212	P	0.00020	0.99542	0.00438	0
213	K	0.00020	0.70629	0.29351	0
214	R	0.00020	0.14938	0.85042	0
215	W	0.00020	0.02989	0.96991	0
216	G	0.00020	0.02195	0.97785	0
217	W	0.00020	0.00026	0.99954	0
218	N	0.00020	2e-05	0.99978	0
219	D	0.00020	0	0.99980	0
220	V	0.00021	0	0.99979	0
221	N	0.00022	0	0.99978	0
222	C	0.00022	0	0.99978	0
223	L	0.00022	0	0.99978	0
224	G	0.00024	0	0.99976	0
225	P	0.00097	0	0.99903	0
226	Q	0.00314	0	0.99686	0
227	R	0.00376	0	0.99624	0
228	S	0.00376	0	0.99624	0
229	V	0.00376	0	0.99624	0
230	C	0.00377	0	0.99623	0
231	E	0.00423	0	0.99577	0
232	M	0.00423	0	0.99577	0
233	M	0.03024	0	0.96976	0
234	K	0.95696	0	0.04304	0
235	I	0.95696	0	0.04304	0
236	H	0.95696	0	0.04304	0
237	L	1.00000	0	0.00000	0
