# UNNAMED
#pos	aa	i	o	M	S
1	M	0.00000	0.00022	0.00000	0.99978
2	M	0.00000	0.00022	0.00000	0.99978
3	A	0.00000	0.00022	0.00000	0.99978
4	L	0.00000	0.00022	0.00000	0.99978
5	W	0.00000	0.00022	0.00000	0.99977
6	S	0.00000	0.00022	0.00000	0.99978
7	L	0.00000	0.00022	0.00000	0.99978
8	L	0.00000	0.00022	0.00000	0.99977
9	H	0.00000	0.00022	0.00000	0.99978
10	L	0.00000	0.00022	0.00000	0.99978
11	T	0.00000	0.00022	0.00000	0.99978
12	F	0.00000	0.00022	0.00000	0.99978
13	L	0.00000	0.00022	0.00000	0.99978
14	G	0.00000	0.00022	0.00000	0.99978
15	F	0.00000	0.00022	0.00000	0.99978
16	S	0.00000	0.00022	0.00000	0.99978
17	I	0.00000	0.00122	0.00000	0.99877
18	T	0.00000	0.00123	0.00000	0.99877
19	L	0.00000	0.02477	0.00000	0.97524
20	L	0.00000	0.0379	0.00000	0.96209
21	L	0.00000	0.172	0.00000	0.828
22	V	0.00000	0.22755	0.00000	0.77245
23	H	0.00000	0.22758	0.00000	0.77242
24	G	0.00000	0.22758	0.00000	0.77242
25	Q	0.00000	0.9968	0.00000	0.00321
26	G	0.00000	0.9968	0.00000	0.00321
27	F	0.00000	0.9968	0.00000	0.0032
28	Q	0.00000	0.9968	0.00000	0.0032
29	G	0.00000	0.99733	0.00000	0.00266
30	T	0.00000	0.99733	0.00000	0.00266
31	A	0.00000	0.99733	0.00000	0.00266
32	A	0.00000	0.99972	0.00000	0.00027
33	I	0.00000	0.99999	0.00000	0
34	W	0.00000	1	0.00000	0
35	P	0.00000	1	0.00000	0
36	S	0.00000	1	0.00000	0
37	L	0.00000	1	0.00000	0
38	F	0.00000	1	0.00000	0
39	N	0.00000	1	0.00000	0
40	V	0.00000	1	0.00000	0
41	N	0.00000	1	0.00000	0
42	L	0.00000	1	0.00000	0
43	S	0.00000	1	0.00000	0
44	K	0.00000	1	0.00000	0
45	K	0.00000	0.99999	0.00001	0
46	V	0.00000	0.99959	0.00041	0
47	Q	0.00000	0.99928	0.00072	0
48	E	0.00000	0.99692	0.00308	0
49	S	0.00000	0.85373	0.14627	0
50	I	0.00000	0.84164	0.15836	0
51	Q	0.00000	0.84161	0.15839	0
52	I	0.00000	0.84157	0.15843	0
53	P	0.00000	0.84157	0.15843	0
54	N	0.00000	0.84157	0.15843	0
55	N	0.00000	0.84146	0.15854	0
56	G	0.00000	0.84069	0.15931	0
57	S	0.00000	0.84028	0.15972	0
58	A	0.00000	0.83966	0.16034	0
59	P	0.00000	0.83966	0.16034	0
60	L	0.00000	0.83966	0.16034	0
61	L	0.00000	0.83966	0.16034	0
62	V	0.00000	0.83966	0.16034	0
63	D	0.00000	0.83966	0.16034	0
64	V	0.00000	0.83961	0.16039	0
65	R	0.00001	0.8396	0.16039	0
66	V	0.00001	0.83958	0.16041	0
67	F	0.00008	0.83956	0.16035	0
68	V	0.00421	0.83956	0.15623	0
69	S	0.10463	0.83956	0.05581	0
70	N	0.14962	0.83956	0.01082	0
71	V	0.15001	0.83956	0.01043	0
72	F	0.15130	0.83956	0.00914	0
73	N	0.15649	0.83956	0.00396	0
74	V	0.15667	0.83955	0.00378	0
75	D	0.15605	0.83955	0.00440	0
76	I	0.13624	0.83934	0.02441	0
77	L	0.12612	0.83933	0.03455	0
78	R	0.12623	0.83933	0.03444	0
79	Y	0.10772	0.83931	0.05297	0
80	T	0.09654	0.83931	0.06416	0
81	M	0.04621	0.83931	0.11448	0
82	S	0.03378	0.83931	0.12691	0
83	S	0.00464	0.83931	0.15605	0
84	M	0.00067	0.83931	0.16002	0
85	L	0.00023	0.83931	0.16047	0
86	L	0.00021	0.83931	0.16048	0
87	L	0.00019	0.8393	0.16051	0
88	R	0.00020	0.8393	0.16050	0
89	L	0.00005	0.8393	0.16065	0
90	S	0.00005	0.8393	0.16065	0
91	W	0.00005	0.8393	0.16065	0
92	L	0.00006	0.83931	0.16063	0
93	D	0.00011	0.83946	0.16042	0
94	T	0.00012	0.83953	0.16035	0
95	R	0.00013	0.83982	0.16006	0
96	L	0.00010	0.84074	0.15916	0
97	A	0.00010	0.84128	0.15861	0
98	W	0.00012	0.84311	0.15676	0
99	N	0.00026	0.88673	0.11301	0
100	T	0.00031	0.90037	0.09932	0
101	S	0.00031	0.91799	0.08170	0
102	A	0.00031	0.93116	0.06853	0
103	H	0.00031	0.99747	0.00222	0
104	P	0.00031	0.99762	0.00207	0
105	R	0.00031	0.99848	0.00121	0
106	H	0.00021	0.99875	0.00104	0
107	A	0.00021	0.99875	0.00103	0
108	I	0.00022	0.99827	0.00151	0
109	T	0.00022	0.99904	0.00074	0
110	L	0.00022	0.99903	0.00074	0
111	P	0.00023	0.99903	0.00074	0
112	W	0.00002	0.99902	0.00096	0
113	E	0.00001	0.99905	0.00093	0
114	S	0.00001	0.99905	0.00094	0
115	L	0.00001	0.99903	0.00095	0
116	W	0.00001	0.99907	0.00092	0
117	T	0.00001	0.99907	0.00091	0
118	P	0.00001	0.99907	0.00091	0
119	R	0.00001	0.99907	0.00092	0
120	L	0.00000	0.99907	0.00093	0
121	T	0.00000	0.99907	0.00093	0
122	I	0.00000	0.99907	0.00093	0
123	L	0.00000	0.99907	0.00093	0
124	E	0.00001	0.99907	0.00092	0
125	A	0.00001	0.99907	0.00092	0
126	L	0.00001	0.99907	0.00092	0
127	W	0.00001	0.99908	0.00091	0
128	V	0.00001	0.99909	0.00089	0
129	D	0.00020	0.99915	0.00065	0
130	W	0.00026	0.99916	0.00058	0
131	R	0.00056	0.99927	0.00018	0
132	D	0.00059	0.99938	0.00004	0
133	Q	0.00059	0.99938	0.00003	0
134	S	0.00060	0.99938	0.00001	0
135	P	0.00060	0.99938	0.00001	0
136	Q	0.00060	0.99938	0.00002	0
137	A	0.00060	0.99938	0.00002	0
138	R	0.00060	0.99925	0.00014	0
139	V	0.00060	0.99924	0.00016	0
140	D	0.00060	0.99924	0.00015	0
141	Q	0.00060	0.99922	0.00018	0
142	D	0.00057	0.9992	0.00022	0
143	G	0.00046	0.2626	0.73694	0
144	H	0.00004	0.19868	0.80128	0
145	V	0.00002	0.17147	0.82851	0
146	K	0.00002	0.16934	0.83064	0
147	L	0.00000	0.16095	0.83905	0
148	N	0.00000	0.1607	0.83930	0
149	L	0.00000	0.16047	0.83953	0
150	A	0.00000	0.16047	0.83953	0
151	L	0.00000	0.16047	0.83953	0
152	A	0.00000	0.16047	0.83953	0
153	T	0.00000	0.16047	0.83953	0
154	E	0.00000	0.16047	0.83953	0
155	T	0.00000	0.16047	0.83953	0
156	N	0.00000	0.16047	0.83953	0
157	C	0.00002	0.16047	0.83951	0
158	N	0.00010	0.16047	0.83943	0
159	F	0.00014	0.16047	0.83939	0
160	E	0.00014	0.16047	0.83939	0
161	L	0.00017	0.16047	0.83937	0
162	L	0.00284	0.1604	0.83676	0
163	H	0.03000	0.15071	0.81930	0
164	F	0.16262	0.01422	0.82315	0
165	P	0.73917	0.00597	0.25485	0
166	R	0.83596	0.00096	0.16308	0
167	D	0.83881	0.00075	0.16045	0
168	H	0.83757	0.00065	0.16178	0
169	S	0.83310	0.00063	0.16626	0
170	N	0.81172	0.00063	0.18765	0
171	C	0.75965	0.00063	0.23972	0
172	S	0.52282	0.00061	0.47658	0
173	L	0.28229	0.00024	0.71746	0
174	S	0.20937	0.00019	0.79043	0
175	F	0.09697	0.00016	0.90287	0
176	Y	0.01089	0.00016	0.98895	0
177	A	0.00256	0.00016	0.99728	0
178	L	0.00057	0.00016	0.99927	0
179	S	0.00025	0.00016	0.99958	0
180	N	0.00004	0.00016	0.99979	0
181	T	0.00002	0.00016	0.99982	0
182	A	0.00001	0.00016	0.99983	0
183	M	0.00001	0.00016	0.99983	0
184	E	0.00000	0.00016	0.99983	0
185	L	0.00001	0.00016	0.99983	0
186	E	0.00004	0.00018	0.99979	0
187	F	0.00244	0.00015	0.99741	0
188	Q	0.02697	0.00165	0.97138	0
189	A	0.16022	0.005	0.83479	0
190	H	0.16033	0.04214	0.79753	0
191	V	0.16049	0.04693	0.79258	0
192	V	0.16065	0.11259	0.72676	0
193	N	0.16074	0.4498	0.38946	0
194	E	0.16074	0.46078	0.37848	0
195	I	0.16084	0.46304	0.37612	0
196	V	0.16088	0.5267	0.31242	0
197	S	0.16089	0.67223	0.16688	0
198	V	0.16089	0.69327	0.14584	0
199	K	0.16090	0.80608	0.03302	0
200	R	0.16090	0.83639	0.00271	0
201	E	0.16078	0.83879	0.00043	0
202	Y	0.14916	0.83887	0.01197	0
203	V	0.12725	0.83894	0.03381	0
204	V	0.00444	0.83902	0.15653	0
205	Y	0.00069	0.83903	0.16028	0
206	D	0.00064	0.83904	0.16032	0
207	L	0.00020	0.83904	0.16076	0
208	K	0.00021	0.83904	0.16075	0
209	T	0.00021	0.83904	0.16075	0
210	Q	0.00021	0.83904	0.16075	0
211	V	0.00021	0.83904	0.16075	0
212	P	0.00021	0.83904	0.16075	0
213	P	0.00021	0.83904	0.16075	0
214	Q	0.00021	0.83904	0.16075	0
215	Q	0.00021	0.83903	0.16076	0
216	L	0.00009	0.83903	0.16088	0
217	V	0.00007	0.83903	0.16090	0
218	P	0.00007	0.83903	0.16090	0
219	C	0.00006	0.839	0.16094	0
220	F	0.00006	0.83865	0.16129	0
221	Q	0.00006	0.708	0.29194	0
222	V	0.00006	0.16474	0.83520	0
223	T	0.00006	0.01914	0.98080	0
224	L	0.00006	0.01477	0.98517	0
225	R	0.00006	0.15961	0.84033	0
226	L	0.00005	0.16154	0.83841	0
227	K	0.00005	0.16368	0.83627	0
228	N	0.00000	0.16348	0.83651	0
229	T	0.00000	0.16206	0.83794	0
230	A	0.00000	0.16108	0.83892	0
231	L	0.00000	0.16098	0.83902	0
232	K	0.00000	0.16098	0.83902	0
233	S	0.00000	0.16097	0.83903	0
234	I	0.00000	0.16086	0.83914	0
235	I	0.00000	0.15964	0.84036	0
236	A	0.00000	0.15959	0.84041	0
237	L	0.00000	0.06274	0.93725	0
238	L	0.00000	0.06242	0.93757	0
239	V	0.00001	0.06247	0.93752	0
240	P	0.00010	0.06252	0.93739	0
241	A	0.00010	0.06252	0.93739	0
242	E	0.00010	0.06251	0.93739	0
243	A	0.00010	0.01522	0.98468	0
244	L	0.00010	0.01521	0.98469	0
245	L	0.00010	0.01521	0.98469	0
246	L	0.57945	0.01522	0.40533	0
247	A	0.82443	0.01523	0.16035	0
248	D	0.82578	0.01527	0.15895	0
249	V	0.83673	0.01527	0.14800	0
250	C	0.83871	0.01526	0.14602	0
251	G	0.83877	0.01526	0.14597	0
252	G	0.83879	0.00965	0.15156	0
253	L	0.83881	0.00882	0.15237	0
254	L	0.83881	0.00879	0.15241	0
255	P	0.83881	0.00753	0.15366	0
256	L	0.83882	0.00293	0.15825	0
257	R	0.83915	0.00292	0.15793	0
258	A	0.83932	0.00074	0.15994	0
259	I	0.84207	0.00069	0.15724	0
260	E	0.89622	8e-05	0.10370	0
261	R	0.84642	7e-05	0.15352	0
262	I	0.10792	3e-05	0.89206	0
263	G	0.10411	3e-05	0.89586	0
264	Y	0.10243	3e-05	0.89755	0
265	K	0.14136	3e-05	0.85861	0
266	V	0.14402	2e-05	0.85597	0
267	T	0.14453	2e-05	0.85545	0
268	L	0.14467	2e-05	0.85531	0
269	L	0.14552	2e-05	0.85446	0
270	L	0.14585	2e-05	0.85413	0
271	S	0.14590	2e-05	0.85408	0
272	Y	0.14590	1e-05	0.85408	0
273	L	0.14591	1e-05	0.85408	0
274	V	0.14595	1e-05	0.85403	0
275	L	0.14644	1e-05	0.85354	0
276	H	0.14959	2e-05	0.85039	0
277	S	0.15478	0.0001	0.84512	0
278	S	0.15529	0.00018	0.84453	0
279	L	0.15433	0.00031	0.84536	0
280	V	0.15526	0.01469	0.83005	0
281	Q	0.15975	0.63679	0.20345	0
282	A	0.15953	0.65289	0.18757	0
283	L	0.15944	0.706	0.13457	0
284	P	0.15955	0.82946	0.01099	0
285	S	0.15955	0.83653	0.00392	0
286	S	0.15954	0.83844	0.00202	0
287	S	0.15954	0.83877	0.00168	0
288	S	0.15954	0.83881	0.00165	0
289	C	0.15953	0.83881	0.00165	0
290	N	0.15869	0.83881	0.00250	0
291	P	0.11863	0.8388	0.04257	0
292	L	0.08770	0.83713	0.07516	0
293	L	0.00432	0.47298	0.52271	0
294	I	0.00300	0.36526	0.63174	0
295	Y	0.00286	0.31317	0.68397	0
296	Y	0.00235	0.20672	0.79093	0
297	F	0.00077	0.08183	0.91740	0
298	T	0.00039	0.06021	0.93939	0
299	I	0.00009	0.02964	0.97027	0
300	L	0.00002	0.0107	0.98928	0
301	L	0.00002	0.00878	0.99120	0
302	L	0.00001	0.0001	0.99989	0
303	L	0.00001	1e-05	0.99998	0
304	L	0.00001	3e-05	0.99996	0
305	F	0.00001	0.00011	0.99988	0
306	L	0.00001	0.0004	0.99959	0
307	S	0.00001	0.0012	0.99879	0
308	T	0.00001	0.00143	0.99857	0
309	I	0.00001	0.00149	0.99850	0
310	E	0.00001	0.00162	0.99837	0
311	T	0.00001	0.00163	0.99836	0
312	V	0.00001	0.00164	0.99836	0
313	L	0.00001	0.00172	0.99827	0
314	L	0.00010	0.00251	0.99739	0
315	A	0.00287	0.00834	0.98879	0
316	G	0.01168	0.02001	0.96831	0
317	L	0.02971	0.02367	0.94662	0
318	L	0.11068	0.0394	0.84991	0
319	A	0.43407	0.08702	0.47891	0
320	R	0.73757	0.15898	0.10346	0
321	G	0.75696	0.16046	0.08257	0
322	N	0.78871	0.16102	0.05027	0
323	L	0.79440	0.16106	0.04454	0
324	G	0.82185	0.16116	0.01699	0
325	A	0.83856	0.16117	0.00026	0
326	K	0.83879	0.16117	0.00003	0
327	S	0.83881	0.16117	0.00001	0
328	G	0.83882	0.16117	0.00001	0
329	P	0.83882	0.16117	0.00001	0
330	S	0.83882	0.16117	0.00001	0
331	P	0.83882	0.16117	0.00001	0
332	A	0.83882	0.16117	0.00001	0
333	P	0.83882	0.16118	0.00000	0
334	R	0.83882	0.16118	0.00000	0
335	G	0.83882	0.16118	0.00000	0
336	E	0.83882	0.16118	0.00000	0
337	Q	0.83882	0.16118	0.00000	0
338	R	0.83882	0.16118	0.00000	0
339	E	0.83882	0.16118	0.00000	0
340	H	0.83882	0.16118	0.00000	0
341	G	0.83882	0.16118	0.00000	0
342	N	0.83882	0.16118	0.00000	0
343	P	0.83882	0.16118	0.00000	0
344	G	0.83882	0.16118	0.00000	0
345	P	0.83882	0.16118	0.00000	0
346	H	0.83882	0.16118	0.00000	0
347	P	0.83882	0.16118	0.00000	0
348	A	0.83882	0.16118	0.00000	0
349	E	0.83882	0.16118	0.00000	0
350	E	0.83882	0.16118	0.00000	0
351	P	0.83882	0.16118	0.00000	0
352	S	0.83881	0.16118	0.00001	0
353	R	0.83881	0.16118	0.00001	0
354	G	0.83880	0.16118	0.00002	0
355	V	0.83879	0.16118	0.00003	0
356	K	0.83873	0.16118	0.00009	0
357	G	0.83873	0.16118	0.00009	0
358	S	0.83872	0.16118	0.00010	0
359	Q	0.83872	0.16118	0.00010	0
360	R	0.83872	0.16117	0.00011	0
361	S	0.83872	0.16116	0.00012	0
362	W	0.83872	0.16114	0.00013	0
363	P	0.83872	0.16114	0.00013	0
364	E	0.83872	0.16087	0.00041	0
365	T	0.83867	0.1599	0.00143	0
366	A	0.83866	0.15842	0.00292	0
367	D	0.83866	0.15753	0.00381	0
368	R	0.08901	0.13328	0.77771	0
369	I	0.00001	0.03351	0.96648	0
370	F	0.00001	0.01103	0.98895	0
371	F	0.00001	0.00268	0.99731	0
372	L	0.00001	3e-05	0.99996	0
373	V	0.00001	2e-05	0.99997	0
374	Y	0.00001	2e-05	0.99997	0
375	V	0.00001	0	0.99999	0
376	V	0.00001	0	0.99999	0
377	G	0.00001	1e-05	0.99998	0
378	V	0.00001	2e-05	0.99997	0
379	L	0.00001	4e-05	0.99995	0
380	C	0.00001	7e-05	0.99992	0
381	T	0.00003	7e-05	0.99990	0
382	Q	0.00004	7e-05	0.99988	0
383	F	0.00005	7e-05	0.99988	0
384	V	0.00007	7e-05	0.99985	0
385	F	0.00023	8e-05	0.99970	0
386	A	0.00053	0.12742	0.87205	0
387	G	0.00078	0.83557	0.16365	0
388	I	0.00719	0.71713	0.27568	0
389	W	0.04206	0.00522	0.95272	0
390	M	0.09649	7e-05	0.90344	0
391	W	0.11283	0	0.88717	0
392	A	0.14945	0	0.85055	0
393	A	0.15785	0	0.84215	0
394	C	0.16114	0	0.83886	0
395	K	0.16121	0	0.83879	0
396	S	0.16121	0	0.83879	0
397	D	0.16121	0	0.83879	0
398	A	0.16121	0	0.83879	0
399	A	0.16121	0	0.83879	0
400	P	0.16121	0	0.83879	0
401	G	0.16121	0	0.83879	0
402	E	0.16121	0	0.83879	0
403	A	0.16121	0	0.83879	0
404	A	0.16121	0	0.83879	0
405	P	0.16121	0	0.83879	0
406	H	0.16121	0	0.83879	0
407	G	0.16121	0	0.83879	0
408	R	1.00000	0	0.00000	0
409	R	1.00000	0	0.00000	0
410	P	1.00000	0	0.00000	0
411	R	1.00000	0	0.00000	0
412	L	1.00000	0	0.00000	0
