# UNNAMED
#pos	aa	i	o	M	S
1	M	0.00000	1	0.00000	0
2	E	0.00000	1	0.00000	0
3	Y	0.00000	1	0.00000	0
4	H	0.00000	1	0.00000	0
5	P	0.00000	1	0.00000	0
6	D	0.00000	1	0.00000	0
7	L	0.00000	1	0.00000	0
8	E	0.00000	1	0.00000	0
9	N	0.00000	1	0.00000	0
10	L	0.00000	1	0.00000	0
11	D	0.00000	1	0.00000	0
12	E	0.00000	1	0.00000	0
13	D	0.00000	1	0.00000	0
14	G	0.00000	0.69363	0.30637	0
15	Y	0.00000	0.11225	0.88775	0
16	T	0.00000	0.00342	0.99658	0
17	Q	0.00000	0.00342	0.99658	0
18	L	0.00000	0.00341	0.99659	0
19	H	0.00000	0.00341	0.99659	0
20	F	0.00000	0.00341	0.99659	0
21	D	0.00000	0.00341	0.99659	0
22	S	0.00000	0.00316	0.99684	0
23	Q	0.00000	0.0028	0.99720	0
24	S	0.00000	0.0026	0.99740	0
25	N	0.00000	0.00254	0.99746	0
26	T	0.00000	0.00184	0.99816	0
27	R	0.00000	0.00152	0.99848	0
28	I	0.00000	1e-05	0.99999	0
29	A	0.00000	0	1.00000	0
30	V	0.00000	0	1.00000	0
31	V	0.00007	0	0.99993	0
32	S	0.28921	0	0.71079	0
33	E	0.54973	0	0.45027	0
34	K	0.68207	0	0.31793	0
35	G	0.71191	0	0.28809	0
36	S	0.73994	0	0.26006	0
37	C	0.74611	0	0.25389	0
38	A	0.78292	0	0.21708	0
39	A	0.99121	0	0.00879	0
40	S	0.99540	0	0.00460	0
41	P	0.99695	0	0.00305	0
42	P	0.99730	0	0.00270	0
43	W	0.97913	0	0.02087	0
44	R	0.97654	0	0.02346	0
45	L	0.34919	0	0.65081	0
46	I	0.17955	0	0.82045	0
47	A	0.17407	0	0.82593	0
48	V	0.09946	0	0.90054	0
49	I	0.00641	0	0.99359	0
50	L	0.00304	0	0.99696	0
51	G	0.00257	0	0.99743	0
52	I	0.00058	0	0.99942	0
53	L	0.00006	0	0.99994	0
54	C	0.00000	0	1.00000	0
55	L	0.00000	0	1.00000	0
56	V	0.00000	0	1.00000	0
57	I	0.00000	0	1.00000	0
58	L	0.00000	0	1.00000	0
59	V	0.00000	0	1.00000	0
60	I	0.00000	4e-05	0.99996	0
61	A	0.00000	0.01026	0.98974	0
62	V	0.00000	0.0156	0.98440	0
63	V	0.00000	0.01833	0.98167	0
64	L	0.00000	0.04916	0.95084	0
65	G	0.00000	0.10044	0.89956	0
66	T	0.00000	0.13959	0.86041	0
67	M	0.00000	0.18082	0.81918	0
68	A	0.00000	0.31985	0.68015	0
69	I	0.00000	0.42118	0.57882	0
70	W	0.00000	0.78967	0.21033	0
71	R	0.00000	0.96844	0.03156	0
72	S	0.00000	0.98374	0.01626	0
73	N	0.00000	0.98339	0.01661	0
74	S	0.00000	0.95981	0.04019	0
75	G	0.00000	0.94385	0.05615	0
76	S	0.00000	0.94385	0.05615	0
77	N	0.00000	0.94385	0.05615	0
78	T	0.00000	0.94385	0.05615	0
79	L	0.00000	0.94385	0.05615	0
80	E	0.00000	0.94385	0.05615	0
81	N	0.00000	0.94378	0.05622	0
82	G	0.00000	0.94272	0.05728	0
83	Y	0.00000	0.01386	0.98614	0
84	F	0.00000	0.00103	0.99897	0
85	L	0.00000	0.0001	0.99990	0
86	S	0.00000	0.0001	0.99990	0
87	R	0.00000	0.0001	0.99990	0
88	N	0.00000	0.0001	0.99990	0
89	K	0.00001	0.0001	0.99989	0
90	E	0.00012	0.0001	0.99978	0
91	N	0.00390	9e-05	0.99601	0
92	H	0.03482	5e-05	0.96513	0
93	S	0.03538	0	0.96462	0
94	Q	0.04761	0	0.95239	0
95	P	0.05615	0	0.94385	0
96	T	0.05615	0	0.94385	0
97	Q	0.05615	0	0.94385	0
98	S	0.05615	0	0.94385	0
99	S	0.05615	0	0.94385	0
100	L	0.05615	0	0.94385	0
101	E	0.05663	0	0.94337	0
102	D	0.10231	0	0.89769	0
103	S	0.28520	0	0.71480	0
104	V	0.38469	0	0.61531	0
105	T	0.56887	0	0.43113	0
106	P	0.99989	0	0.00011	0
107	T	0.99150	0	0.00850	0
108	K	0.97913	0	0.02087	0
109	A	0.94453	0	0.05547	0
110	V	0.94389	0	0.05611	0
111	K	0.94388	0	0.05612	0
112	T	0.94385	0	0.05615	0
113	T	0.94276	0	0.05724	0
114	G	0.90242	0	0.09758	0
115	V	0.81141	0	0.18859	0
116	L	0.62196	0	0.37804	0
117	S	0.61517	0	0.38483	0
118	S	0.61240	0	0.38760	0
119	P	0.60630	0	0.39370	0
120	C	0.47561	0	0.52439	0
121	P	0.47369	0	0.52631	0
122	P	0.44079	0	0.55921	0
123	N	0.10232	0	0.89768	0
124	W	0.05994	0	0.94006	0
125	I	0.00320	0	0.99680	0
126	I	0.00002	2e-05	0.99996	0
127	Y	0.00002	0.00181	0.99818	0
128	E	0.00002	0.04708	0.95290	0
129	K	0.00001	0.05562	0.94436	0
130	S	0.00000	0.05587	0.94412	0
131	C	0.00000	0.05602	0.94398	0
132	Y	0.00000	0.05605	0.94395	0
133	L	0.00000	0.05614	0.94386	0
134	F	0.00000	0.05727	0.94273	0
135	S	0.00000	0.06444	0.93556	0
136	M	0.00000	0.0695	0.93050	0
137	S	0.00000	0.31879	0.68121	0
138	L	0.00000	0.34194	0.65806	0
139	N	0.00000	0.41236	0.58764	0
140	S	0.00000	0.4441	0.55590	0
141	W	0.00000	0.50058	0.49942	0
142	D	0.00000	0.88561	0.11439	0
143	G	0.00000	0.902	0.09800	0
144	S	0.00000	0.93454	0.06546	0
145	K	0.00000	0.99755	0.00245	0
146	R	0.00000	0.99972	0.00028	0
147	Q	0.00000	0.96581	0.03419	0
148	C	0.00000	0.95273	0.04727	0
149	W	0.00000	0.91934	0.08066	0
150	Q	0.00000	0.91913	0.08087	0
151	L	0.00000	0.91867	0.08133	0
152	G	0.00000	0.88603	0.11397	0
153	S	0.00000	0.88602	0.11398	0
154	N	0.00000	0.88471	0.11529	0
155	L	0.00000	0.8847	0.11530	0
156	L	0.00000	0.8847	0.11530	0
157	K	0.00000	0.8847	0.11530	0
158	I	0.00000	0.88364	0.11636	0
159	D	0.00000	0.88364	0.11636	0
160	S	0.00000	0.87548	0.12452	0
161	S	0.00000	0.87524	0.12476	0
162	N	0.00000	0.87506	0.12494	0
163	E	0.00000	0.87402	0.12598	0
164	L	0.00000	0.00013	0.99987	0
165	G	0.00000	1e-05	0.99999	0
166	F	0.00000	0	1.00000	0
167	I	0.00001	0	0.99999	0
168	V	0.00165	0	0.99835	0
169	K	0.05479	0	0.94521	0
170	Q	0.06796	0	0.93204	0
171	V	0.06980	0	0.93020	0
172	S	0.08888	0	0.91112	0
173	S	0.10422	0	0.89578	0
174	Q	0.11509	0	0.88491	0
175	P	0.11519	0	0.88481	0
176	D	0.11525	0	0.88475	0
177	N	0.11525	0	0.88475	0
178	S	0.11525	0	0.88475	0
179	F	0.11320	0	0.88680	0
180	W	0.09350	0	0.90650	0
181	I	0.06348	0	0.93652	0
182	G	0.03484	0	0.96516	0
183	L	0.02787	0	0.97213	0
184	S	0.18108	0	0.81892	0
185	R	0.76709	0	0.23291	0
186	P	0.89946	0	0.10054	0
187	Q	0.91009	0	0.08991	0
188	T	0.91033	0	0.08967	0
189	E	0.91033	0	0.08967	0
190	V	0.88375	0	0.11625	0
191	P	0.88373	0	0.11627	0
192	W	0.88373	0	0.11627	0
193	L	0.88373	0	0.11627	0
194	W	0.88373	0	0.11627	0
195	E	0.88373	0	0.11627	0
196	D	0.88372	0	0.11628	0
197	G	0.00143	0	0.99857	0
198	S	0.00010	0	0.99990	0
199	T	0.00004	1e-05	0.99995	0
200	F	0.00002	6e-05	0.99992	0
201	S	0.00000	0.00072	0.99928	0
202	S	0.00000	0.00369	0.99631	0
203	N	0.00000	0.00987	0.99013	0
204	L	0.00000	0.01152	0.98848	0
205	F	0.00000	0.02061	0.97939	0
206	Q	0.00000	0.05836	0.94164	0
207	I	0.00000	0.06531	0.93469	0
208	R	0.00000	0.08881	0.91119	0
209	T	0.00000	0.08973	0.91027	0
210	T	0.00000	0.09162	0.90838	0
211	A	0.00000	0.09563	0.90437	0
212	T	0.00000	0.10626	0.89374	0
213	Q	0.00000	0.11619	0.88381	0
214	E	0.00000	0.11636	0.88364	0
215	N	0.00000	0.1312	0.86880	0
216	P	0.00000	0.25769	0.74231	0
217	S	0.00000	0.52007	0.47993	0
218	P	0.00000	0.92794	0.07206	0
219	N	0.00000	0.96014	0.03986	0
220	C	0.00000	0.83511	0.16489	0
221	V	0.00000	0.01361	0.98639	0
222	W	0.00000	0.00138	0.99862	0
223	I	0.00000	1e-05	0.99999	0
224	H	0.00000	0	1.00000	0
225	V	0.00000	0	1.00000	0
226	S	0.00000	0	1.00000	0
227	V	0.00000	0	1.00000	0
228	I	0.00000	0	1.00000	0
229	Y	0.00000	0	1.00000	0
230	D	0.00001	0	0.99999	0
231	Q	0.00001	0	0.99999	0
232	L	0.00001	0	0.99999	0
233	C	0.00001	0	0.99999	0
234	S	0.00001	0	0.99999	0
235	V	0.00001	0	0.99999	0
236	P	0.00001	0	0.99999	0
237	S	0.00002	0	0.99998	0
238	Y	0.00009	0	0.99991	0
239	S	0.00143	0	0.99857	0
240	I	0.01656	0	0.98344	0
241	C	0.13600	0	0.86400	0
242	E	1.00000	0	0.00000	0
243	K	1.00000	0	0.00000	0
244	K	1.00000	0	0.00000	0
245	F	1.00000	0	0.00000	0
246	S	1.00000	0	0.00000	0
247	M	1.00000	0	0.00000	0
