# UNNAMED
#pos	aa	i	o	M	S
1	M	0.00000	0.53058	0.00000	0.46942
2	N	0.00000	0.53058	0.00000	0.46942
3	R	0.00000	0.53058	0.00000	0.46942
4	Q	0.00000	0.53058	0.00000	0.46942
5	L	0.00000	0.53058	0.00000	0.46942
6	V	0.00000	0.53058	0.00000	0.46942
7	N	0.00000	0.53058	0.00000	0.46942
8	I	0.00000	0.53058	0.00000	0.46942
9	L	0.00000	0.53058	0.00000	0.46942
10	T	0.00000	0.53058	0.00000	0.46942
11	A	0.00000	0.53058	0.00000	0.46942
12	L	0.00000	0.53058	0.00000	0.46941
13	F	0.00000	0.53058	0.00000	0.46941
14	A	0.00000	0.53058	0.00000	0.46942
15	F	0.00000	0.54367	0.00000	0.45633
16	F	0.00000	0.54367	0.00000	0.45633
17	L	0.00000	0.54373	0.00000	0.45627
18	E	0.00000	0.54383	0.00000	0.45616
19	T	0.00000	0.54385	0.00000	0.45616
20	N	0.00000	0.86375	0.00000	0.13624
21	H	0.00000	0.86375	0.00000	0.13624
22	F	0.00000	0.86377	0.00000	0.13624
23	R	0.00000	0.97074	0.00000	0.02926
24	T	0.00000	0.97074	0.00000	0.02926
25	A	0.00000	0.97074	0.00000	0.02926
26	F	0.00000	0.97074	0.00000	0.02926
27	C	0.00000	0.97074	0.00000	0.02926
28	K	0.00000	1	0.00000	0
29	D	0.00000	1	0.00000	0
30	H	0.00000	1	0.00000	0
31	D	0.00000	1	0.00000	0
32	S	0.00000	1	0.00000	0
33	R	0.00000	1	0.00000	0
34	S	0.00000	1	0.00000	0
35	G	0.00000	1	0.00000	0
36	K	0.00000	1	0.00000	0
37	Q	0.00000	1	0.00000	0
38	P	0.00000	1	0.00000	0
39	S	0.00000	1	0.00000	0
40	Q	0.00000	1	0.00000	0
41	T	0.00000	1	0.00000	0
42	L	0.00000	1	0.00000	0
43	S	0.00000	1	0.00000	0
44	P	0.00000	1	0.00000	0
45	S	0.00000	1	0.00000	0
46	D	0.00000	1	0.00000	0
47	F	0.00000	1	0.00000	0
48	L	0.00000	1	0.00000	0
49	D	0.00000	1	0.00000	0
50	K	0.00000	1	0.00000	0
51	L	0.00000	1	0.00000	0
52	M	0.00000	1	0.00000	0
53	G	0.00000	1	0.00000	0
54	R	0.00000	1	0.00000	0
55	T	0.00000	1	0.00000	0
56	S	0.00000	1	0.00000	0
57	G	0.00000	1	0.00000	0
58	Y	0.00000	1	0.00000	0
59	D	0.00000	1	0.00000	0
60	A	0.00000	0.99999	0.00001	0
61	R	0.00000	0.99999	0.00001	0
62	I	0.00000	0.99996	0.00004	0
63	R	0.00000	0.99994	0.00006	0
64	P	0.00000	0.99975	0.00025	0
65	N	0.00000	0.9983	0.00169	0
66	F	0.00000	0.92844	0.07156	0
67	K	0.00000	0.92152	0.07848	0
68	G	0.00000	0.91696	0.08303	0
69	P	0.00000	0.91452	0.08548	0
70	P	0.00000	0.90287	0.09713	0
71	V	0.00000	0.89771	0.10229	0
72	N	0.00000	0.89757	0.10243	0
73	V	0.00000	0.89052	0.10948	0
74	T	0.00000	0.88662	0.11338	0
75	C	0.00000	0.8814	0.11860	0
76	N	0.00000	0.87954	0.12046	0
77	I	0.00000	0.87077	0.12923	0
78	F	0.00000	0.87009	0.12991	0
79	I	0.00000	0.87008	0.12992	0
80	N	0.00000	0.87008	0.12992	0
81	S	0.00000	0.87008	0.12992	0
82	F	0.00000	0.87008	0.12992	0
83	G	0.00007	0.87008	0.12985	0
84	S	0.00075	0.87008	0.12917	0
85	V	0.00168	0.87008	0.12825	0
86	T	0.04242	0.87008	0.08750	0
87	E	0.08105	0.87008	0.04888	0
88	T	0.08193	0.87008	0.04799	0
89	T	0.08263	0.87008	0.04729	0
90	M	0.08365	0.87008	0.04627	0
91	D	0.08571	0.87008	0.04421	0
92	Y	0.08561	0.87008	0.04432	0
93	R	0.09075	0.87008	0.03917	0
94	V	0.02022	0.87008	0.10970	0
95	N	0.02514	0.87008	0.10478	0
96	I	0.02273	0.87008	0.10720	0
97	F	0.04368	0.87008	0.08624	0
98	L	0.04761	0.87008	0.08231	0
99	R	0.04851	0.87008	0.08141	0
100	Q	0.04759	0.87008	0.08232	0
101	Q	0.04628	0.87008	0.08364	0
102	W	0.04533	0.87008	0.08459	0
103	N	0.04359	0.87008	0.08633	0
104	D	0.04345	0.87008	0.08647	0
105	S	0.04078	0.87008	0.08914	0
106	R	0.03935	0.87008	0.09057	0
107	L	0.01062	0.87008	0.11929	0
108	A	0.00166	0.87008	0.12825	0
109	Y	0.00163	0.87008	0.12828	0
110	S	0.00163	0.87009	0.12828	0
111	E	0.00163	0.87021	0.12816	0
112	Y	0.00163	0.87083	0.12754	0
113	P	0.00163	0.87504	0.12333	0
114	D	0.00063	0.93588	0.06350	0
115	D	0.00003	0.94317	0.05680	0
116	S	0.00000	0.94671	0.05329	0
117	L	0.00000	0.94794	0.05206	0
118	D	0.00000	0.95132	0.04868	0
119	L	0.00000	0.95132	0.04868	0
120	D	0.00000	0.95132	0.04868	0
121	P	0.00000	0.95133	0.04867	0
122	S	0.00000	0.95137	0.04863	0
123	M	0.00000	0.95139	0.04861	0
124	L	0.00000	0.95221	0.04779	0
125	D	0.00000	0.96083	0.03917	0
126	S	0.00000	0.97725	0.02275	0
127	I	0.00000	0.97722	0.02278	0
128	W	0.00000	0.97793	0.02207	0
129	K	0.00000	0.97945	0.02055	0
130	P	0.00000	0.98022	0.01978	0
131	D	0.00000	0.98863	0.01137	0
132	L	0.00000	0.99056	0.00944	0
133	F	0.00000	0.99354	0.00646	0
134	F	0.00000	0.99484	0.00516	0
135	A	0.00000	0.9953	0.00470	0
136	N	0.00000	0.9953	0.00470	0
137	E	0.00000	0.9953	0.00470	0
138	K	0.00000	0.9953	0.00470	0
139	G	0.00000	0.9953	0.00470	0
140	A	0.00000	0.9953	0.00470	0
141	N	0.00000	0.9953	0.00470	0
142	F	0.00000	0.9953	0.00470	0
143	H	0.00000	0.9953	0.00470	0
144	D	0.00001	0.9953	0.00469	0
145	V	0.00003	0.9953	0.00467	0
146	T	0.00071	0.9953	0.00399	0
147	T	0.00364	0.9953	0.00106	0
148	D	0.00464	0.9953	0.00006	0
149	N	0.00469	0.99528	0.00003	0
150	K	0.00469	0.99485	0.00046	0
151	L	0.00469	0.99437	0.00094	0
152	L	0.00469	0.99378	0.00153	0
153	R	0.00470	0.99377	0.00154	0
154	I	0.00469	0.99368	0.00163	0
155	S	0.00469	0.99365	0.00166	0
156	K	0.00468	0.9936	0.00171	0
157	N	0.00425	0.99321	0.00254	0
158	G	0.00345	0.88084	0.11571	0
159	K	0.00324	0.86466	0.13210	0
160	V	0.00019	0.38568	0.61413	0
161	L	0.00002	0.03081	0.96917	0
162	Y	0.00000	0.00457	0.99543	0
163	S	0.00000	0.00177	0.99823	0
164	I	0.00000	0.0001	0.99990	0
165	R	0.00000	4e-05	0.99996	0
166	L	0.00000	0	1.00000	0
167	T	0.00000	0	1.00000	0
168	L	0.00001	0	0.99999	0
169	T	0.00014	0	0.99986	0
170	L	0.00073	0	0.99927	0
171	S	0.00076	0	0.99924	0
172	C	0.00079	0	0.99921	0
173	P	0.00137	0	0.99863	0
174	M	0.00143	0	0.99857	0
175	D	0.00183	0	0.99817	0
176	L	0.00243	0	0.99757	0
177	K	0.09181	0	0.90819	0
178	N	0.11070	0.00211	0.88719	0
179	F	0.13525	0.00211	0.86263	0
180	P	0.66704	0.00212	0.33083	0
181	M	0.76810	0.00235	0.22955	0
182	D	0.98406	0.00464	0.01130	0
183	V	0.98411	0.00464	0.01125	0
184	Q	0.98558	0.00469	0.00973	0
185	T	0.97429	0.0047	0.02101	0
186	C	0.81482	0.0047	0.18048	0
187	T	0.76998	0.0047	0.22532	0
188	M	0.74425	0.0047	0.25105	0
189	Q	0.73535	0.0047	0.25995	0
190	L	0.70948	0.0047	0.28582	0
191	E	0.68271	0.0047	0.31260	0
192	S	0.62545	0.0047	0.36985	0
193	F	0.21777	0.0047	0.77753	0
194	G	0.13826	0.0047	0.85704	0
195	Y	0.12924	0.0047	0.86606	0
196	T	0.12902	0.0047	0.86628	0
197	M	0.12871	0.0047	0.86659	0
198	N	0.12844	0.0047	0.86686	0
199	D	0.12573	0.0047	0.86958	0
200	L	0.02420	0.0047	0.97110	0
201	I	0.00072	0.0047	0.99459	0
202	F	0.00017	0.0047	0.99513	0
203	E	0.00011	0.00475	0.99514	0
204	W	0.00000	0.00491	0.99509	0
205	L	0.00000	0.01999	0.98001	0
206	S	0.00000	0.20869	0.79131	0
207	D	0.00000	0.24773	0.75227	0
208	G	0.00000	0.24949	0.75051	0
209	P	0.00000	0.25091	0.74909	0
210	V	0.00000	0.25117	0.74883	0
211	Q	0.00000	0.25244	0.74756	0
212	V	0.00000	0.2592	0.74080	0
213	A	0.00000	0.55884	0.44116	0
214	E	0.00000	0.87058	0.12942	0
215	G	0.00000	0.87038	0.12962	0
216	L	0.00000	0.84797	0.15203	0
217	T	0.00000	0.82069	0.17931	0
218	L	0.00000	0.69156	0.30844	0
219	P	0.00000	0.67932	0.32068	0
220	Q	0.00000	0.63721	0.36279	0
221	F	0.00000	0.64098	0.35902	0
222	I	0.00000	0.6599	0.34010	0
223	L	0.00000	0.69982	0.30018	0
224	K	0.00000	0.7595	0.24050	0
225	E	0.00000	0.75989	0.24011	0
226	E	0.00000	0.75989	0.24011	0
227	K	0.00000	0.75989	0.24011	0
228	E	0.00000	0.75989	0.24011	0
229	L	0.00006	0.59874	0.40120	0
230	G	0.00016	0.57777	0.42207	0
231	Y	0.00020	0.40449	0.59531	0
232	C	0.00026	0.22144	0.77831	0
233	T	0.00026	0.21203	0.78770	0
234	K	0.00027	0.21063	0.78910	0
235	H	0.00027	0.20277	0.79696	0
236	Y	0.00087	0.20251	0.79663	0
237	N	0.00187	0.20249	0.79565	0
238	T	0.01002	0.20246	0.78753	0
239	G	0.16535	0.20246	0.63220	0
240	K	0.23828	0.20246	0.55926	0
241	F	0.23873	0.20246	0.55882	0
242	T	0.23956	0.20246	0.55798	0
243	C	0.23998	0.20246	0.55756	0
244	I	0.24006	0.20246	0.55748	0
245	E	0.24011	0.20246	0.55744	0
246	V	0.24011	0.20244	0.55744	0
247	K	0.24012	0.20244	0.55743	0
248	F	0.24044	0.20244	0.55711	0
249	H	0.27234	0.20244	0.52522	0
250	L	0.34022	0.20244	0.45734	0
251	E	0.35166	0.20244	0.44590	0
252	R	0.66802	0.17182	0.16016	0
253	Q	0.73429	0.14416	0.12155	0
254	M	0.78456	0.12541	0.09003	0
255	G	0.77235	0.11623	0.11142	0
256	Y	0.71179	0.05739	0.23082	0
257	Y	0.62579	0.01736	0.35686	0
258	L	0.56507	0.01309	0.42184	0
259	I	0.55743	0.00017	0.44240	0
260	Q	0.55740	1e-05	0.44259	0
261	M	0.55656	1e-05	0.44344	0
262	Y	0.55578	1e-05	0.44421	0
263	I	0.55516	1e-05	0.44483	0
264	P	0.55482	1e-05	0.44517	0
265	S	0.51709	1e-05	0.48290	0
266	L	0.24095	0	0.75904	0
267	L	0.06048	0	0.93952	0
268	I	0.01887	0	0.98113	0
269	V	0.00298	0	0.99702	0
270	I	0.00049	0	0.99951	0
271	L	0.00413	0	0.99587	0
272	S	0.02365	0	0.97635	0
273	W	0.02962	1e-05	0.97037	0
274	V	0.06431	0.00014	0.93555	0
275	S	0.07232	0.00196	0.92573	0
276	F	0.07257	0.00446	0.92297	0
277	W	0.07257	0.02413	0.90330	0
278	I	0.07631	0.06323	0.86046	0
279	N	0.12635	0.18671	0.68693	0
280	M	0.13902	0.19833	0.66265	0
281	D	0.19805	0.2413	0.56065	0
282	A	0.19964	0.24135	0.55901	0
283	A	0.20085	0.24151	0.55764	0
284	P	0.20102	0.2437	0.55528	0
285	A	0.17668	0.25169	0.57164	0
286	R	0.17427	0.32871	0.49702	0
287	V	0.13090	0.36168	0.50742	0
288	A	0.12992	0.42678	0.44330	0
289	L	0.12990	0.49658	0.37352	0
290	G	0.12990	0.77758	0.09252	0
291	I	0.12990	0.79632	0.07377	0
292	T	0.12990	0.79702	0.07308	0
293	T	0.12990	0.79713	0.07296	0
294	V	0.12990	0.79715	0.07295	0
295	L	0.12990	0.79717	0.07293	0
296	T	0.12990	0.79729	0.07281	0
297	M	0.12990	0.79734	0.07276	0
298	T	0.12990	0.7975	0.07260	0
299	T	0.12990	0.79753	0.07256	0
300	Q	0.12990	0.79754	0.07255	0
301	S	0.12990	0.79756	0.07254	0
302	S	0.12990	0.79769	0.07241	0
303	G	0.12990	0.79822	0.07187	0
304	S	0.12990	0.80431	0.06579	0
305	R	0.12990	0.8263	0.04379	0
306	A	0.12990	0.83059	0.03950	0
307	S	0.12990	0.86967	0.00043	0
308	L	0.12989	0.86982	0.00028	0
309	P	0.12989	0.87006	0.00005	0
310	K	0.12977	0.86819	0.00205	0
311	V	0.12747	0.86766	0.00487	0
312	S	0.12739	0.86758	0.00504	0
313	Y	0.02614	0.60707	0.36679	0
314	V	0.02614	0.60701	0.36685	0
315	K	0.02614	0.60691	0.36695	0
316	A	0.02614	0.58261	0.39125	0
317	I	0.02614	0.57871	0.39515	0
318	D	0.02614	0.57714	0.39672	0
319	I	0.00002	0.00142	0.99856	0
320	W	0.00000	0.00053	0.99947	0
321	M	0.00000	7e-05	0.99993	0
322	A	0.00000	1e-05	0.99999	0
323	V	0.00000	0	1.00000	0
324	C	0.00000	0	1.00000	0
325	L	0.00000	0	1.00000	0
326	L	0.00000	0	1.00000	0
327	F	0.00000	0	1.00000	0
328	V	0.00000	0	1.00000	0
329	F	0.00000	0	1.00000	0
330	A	0.00000	0	1.00000	0
331	A	0.00001	0	0.99999	0
332	L	0.00002	5e-05	0.99993	0
333	L	0.00028	0.00161	0.99811	0
334	E	0.00628	0.03879	0.95492	0
335	Y	0.00754	0.04151	0.95095	0
336	A	0.03374	0.04498	0.92128	0
337	A	0.07524	0.05199	0.87278	0
338	V	0.11703	0.06798	0.81499	0
339	N	0.25000	0.10168	0.64833	0
340	F	0.26260	0.10469	0.63271	0
341	V	0.30213	0.11051	0.58736	0
342	S	0.72880	0.12443	0.14677	0
343	R	0.86275	0.12956	0.00768	0
344	Q	0.86990	0.12986	0.00023	0
345	H	0.87006	0.1299	0.00005	0
346	K	0.87010	0.1299	0.00000	0
347	E	0.87010	0.1299	0.00000	0
348	F	0.87010	0.1299	0.00000	0
349	L	0.87010	0.1299	0.00000	0
350	R	0.87010	0.1299	0.00000	0
351	L	0.87010	0.1299	0.00000	0
352	R	0.87010	0.1299	0.00000	0
353	R	0.87010	0.1299	0.00000	0
354	R	0.87010	0.1299	0.00000	0
355	Q	0.87010	0.1299	0.00000	0
356	K	0.87010	0.1299	0.00000	0
357	R	0.87010	0.1299	0.00000	0
358	Q	0.87010	0.1299	0.00000	0
359	N	0.87010	0.1299	0.00000	0
360	K	0.87010	0.1299	0.00000	0
361	E	0.87010	0.1299	0.00000	0
362	E	0.87010	0.1299	0.00000	0
363	D	0.87010	0.1299	0.00000	0
364	V	0.87007	0.1299	0.00002	0
365	T	0.87007	0.1299	0.00002	0
366	R	0.87007	0.1299	0.00002	0
367	E	0.87007	0.1299	0.00002	0
368	S	0.86745	0.1299	0.00265	0
369	R	0.86354	0.1299	0.00656	0
370	F	0.86040	0.1299	0.00970	0
371	N	0.86022	0.1299	0.00988	0
372	F	0.85859	0.1299	0.01150	0
373	S	0.85740	0.1299	0.01270	0
374	G	0.85387	0.1299	0.01623	0
375	Y	0.85377	0.1299	0.01633	0
376	G	0.85377	0.1299	0.01633	0
377	M	0.85108	0.1299	0.01901	0
378	G	0.85107	0.1299	0.01903	0
379	H	0.85100	0.1299	0.01910	0
380	C	0.00027	0.1299	0.86983	0
381	L	0.00027	0.1299	0.86983	0
382	Q	0.00027	0.1299	0.86983	0
383	V	0.00027	0.1299	0.86983	0
384	K	0.00027	0.12993	0.86980	0
385	D	0.00027	0.12993	0.86980	0
386	G	0.00021	0.12993	0.86986	0
387	T	0.00003	0.12993	0.87003	0
388	A	0.00002	0.12995	0.87003	0
389	V	0.00002	0.13034	0.86964	0
390	K	0.00002	0.13317	0.86681	0
391	A	0.00002	0.13345	0.86653	0
392	T	0.00002	0.13619	0.86379	0
393	P	0.00002	0.13867	0.86131	0
394	A	0.00002	0.13948	0.86050	0
395	N	0.00002	0.14369	0.85629	0
396	P	0.00002	0.1444	0.85558	0
397	L	0.00002	0.14463	0.85535	0
398	P	0.00002	0.14861	0.85137	0
399	Q	0.00002	0.26206	0.73792	0
400	P	0.00002	0.42201	0.57797	0
401	P	0.00002	0.63486	0.36512	0
402	K	0.00002	0.99283	0.00715	0
403	D	0.00002	0.99968	0.00030	0
404	G	0.00002	0.99972	0.00026	0
405	D	0.00002	0.99973	0.00025	0
406	A	0.00002	0.99973	0.00025	0
407	I	0.00002	0.99975	0.00023	0
408	K	0.00002	0.99996	0.00002	0
409	K	0.00002	0.99998	0.00000	0
410	K	0.00002	0.99998	0.00000	0
411	F	0.00002	0.99998	0.00000	0
412	V	0.00002	0.99998	0.00000	0
413	D	0.00002	0.99998	0.00000	0
414	R	0.00002	0.99982	0.00016	0
415	A	0.00002	0.99934	0.00064	0
416	K	0.00002	0.99875	0.00123	0
417	R	0.00002	0.99307	0.00691	0
418	I	0.00002	0.99034	0.00964	0
419	D	0.00002	0.92857	0.07141	0
420	T	0.00002	0.30204	0.69794	0
421	I	0.00002	0.02663	0.97335	0
422	S	0.00002	0.00206	0.99792	0
423	R	0.00002	0.00016	0.99982	0
424	A	0.00002	0	0.99998	0
425	A	0.00002	0	0.99998	0
426	F	0.00002	0	0.99998	0
427	P	0.00002	0	0.99998	0
428	L	0.00002	0	0.99998	0
429	A	0.00002	0	0.99998	0
430	F	0.00002	0	0.99998	0
431	L	0.00002	0	0.99998	0
432	I	0.00002	0	0.99998	0
433	F	0.00002	0	0.99998	0
434	N	0.00002	0	0.99998	0
435	I	0.00003	0	0.99997	0
436	F	0.00004	0	0.99996	0
437	Y	0.00017	0	0.99983	0
438	W	0.00140	0	0.99860	0
439	I	0.00511	0	0.99489	0
440	T	0.18624	0	0.81376	0
441	Y	0.46570	0	0.53430	0
442	K	1.00000	0	0.00000	0
443	I	1.00000	0	0.00000	0
444	I	1.00000	0	0.00000	0
445	R	1.00000	0	0.00000	0
446	H	1.00000	0	0.00000	0
447	E	1.00000	0	0.00000	0
448	D	1.00000	0	0.00000	0
449	V	1.00000	0	0.00000	0
450	H	1.00000	0	0.00000	0
451	K	1.00000	0	0.00000	0
452	K	1.00000	0	0.00000	0
