# UNNAMED
#pos	aa	i	o	M	S
1	M	0.00000	1	0.00000	0
2	R	0.00000	1	0.00000	0
3	K	0.00000	1	0.00000	0
4	T	0.00000	0.97418	0.02582	0
5	R	0.00000	0.96654	0.03346	0
6	L	0.00000	0.89561	0.10439	0
7	W	0.00000	0.01707	0.98293	0
8	G	0.00000	0.00176	0.99824	0
9	L	0.00000	0.00012	0.99988	0
10	L	0.00000	1e-05	0.99999	0
11	W	0.00000	0	1.00000	0
12	M	0.00000	0	1.00000	0
13	L	0.00000	0	1.00000	0
14	F	0.00000	0	1.00000	0
15	V	0.00000	0	1.00000	0
16	S	0.00000	0	1.00000	0
17	E	0.00000	0	1.00000	0
18	L	0.00000	0	1.00000	0
19	R	0.00000	0	1.00000	0
20	A	0.00000	0	1.00000	0
21	A	0.00000	0	1.00000	0
22	T	0.00034	0	0.99966	0
23	K	0.01851	0	0.98149	0
24	L	0.03266	0	0.96734	0
25	T	0.16782	0	0.83218	0
26	E	0.80461	0	0.19539	0
27	E	0.96951	0	0.03049	0
28	K	0.99979	0	0.00021	0
29	Y	0.99980	0	0.00020	0
30	E	0.99989	0	0.00011	0
31	L	0.99974	0	0.00026	0
32	K	0.99980	0	0.00020	0
33	E	0.99940	0	0.00060	0
34	G	0.99788	0	0.00212	0
35	Q	0.99169	0	0.00831	0
36	T	0.78767	0	0.21233	0
37	L	0.11291	0	0.88709	0
38	D	0.10084	0	0.89916	0
39	V	0.01290	0	0.98710	0
40	K	0.00995	0	0.99005	0
41	C	0.00024	0	0.99976	0
42	D	0.00013	0	0.99987	0
43	Y	0.00002	0	0.99998	0
44	T	0.00000	0	1.00000	0
45	L	0.00000	0	1.00000	0
46	E	0.00000	0	1.00000	0
47	K	0.00000	0	1.00000	0
48	F	0.00000	0	1.00000	0
49	A	0.00000	1e-05	0.99999	0
50	S	0.00000	7e-05	0.99993	0
51	S	0.00000	0.00017	0.99983	0
52	Q	0.00000	0.0003	0.99970	0
53	K	0.00000	0.00032	0.99968	0
54	A	0.00000	0.00035	0.99965	0
55	W	0.00000	0.00124	0.99876	0
56	Q	0.00000	0.05191	0.94809	0
57	I	0.00000	0.36479	0.63521	0
58	I	0.00000	0.81717	0.18283	0
59	R	0.00000	0.94019	0.05981	0
60	D	0.00000	0.99932	0.00068	0
61	G	0.00000	0.99975	0.00025	0
62	E	0.00000	0.99985	0.00015	0
63	M	0.00000	0.99985	0.00015	0
64	P	0.00000	0.99987	0.00013	0
65	K	0.00000	0.99991	0.00009	0
66	T	0.00000	0.99996	0.00004	0
67	L	0.00000	0.99997	0.00003	0
68	A	0.00000	0.99998	0.00002	0
69	C	0.00000	0.99998	0.00002	0
70	T	0.00000	0.99998	0.00002	0
71	E	0.00000	0.99998	0.00002	0
72	R	0.00000	0.99813	0.00187	0
73	P	0.00000	0.99797	0.00203	0
74	S	0.00000	0.99074	0.00926	0
75	K	0.00000	0.98916	0.01084	0
76	N	0.00000	0.98666	0.01334	0
77	S	0.00000	0.9579	0.04210	0
78	H	0.00000	0.94093	0.05907	0
79	P	0.00000	0.94067	0.05933	0
80	V	0.00000	0.11968	0.88032	0
81	Q	0.00000	0.041	0.95900	0
82	V	0.00000	0.00818	0.99181	0
83	G	0.00000	0.00809	0.99191	0
84	R	0.00000	0.00809	0.99191	0
85	I	0.00001	0.00809	0.99190	0
86	I	0.00001	0.00809	0.99190	0
87	L	0.00001	0.00809	0.99190	0
88	E	0.00001	0.00809	0.99190	0
89	D	0.00002	0.00636	0.99363	0
90	Y	0.00002	0.00459	0.99540	0
91	H	0.00002	0.00435	0.99563	0
92	D	0.00003	0.00433	0.99563	0
93	H	0.00319	0.00123	0.99559	0
94	G	0.01318	0.00117	0.98565	0
95	L	0.01383	2e-05	0.98615	0
96	L	0.01944	0	0.98056	0
97	R	0.05843	0	0.94157	0
98	V	0.06338	0	0.93662	0
99	R	0.07919	0	0.92081	0
100	M	0.40011	0	0.59989	0
101	V	0.98487	0	0.01513	0
102	N	0.99190	0	0.00810	0
103	L	0.99190	0	0.00810	0
104	Q	0.99190	0	0.00810	0
105	V	0.99187	0	0.00813	0
106	E	0.99186	0	0.00814	0
107	D	0.98895	0	0.01105	0
108	S	0.97896	0	0.02104	0
109	G	0.97842	0	0.02158	0
110	L	0.97830	0	0.02170	0
111	Y	0.97965	0	0.02035	0
112	Q	0.96319	0	0.03681	0
113	C	0.00755	0	0.99245	0
114	V	0.00735	0	0.99265	0
115	I	0.00783	0	0.99217	0
116	Y	0.00821	0	0.99179	0
117	Q	0.00821	0	0.99178	0
118	P	0.00821	0	0.99178	0
119	P	0.00821	1e-05	0.99178	0
120	K	0.00821	1e-05	0.99178	0
121	E	0.00818	1e-05	0.99181	0
122	P	0.00814	1e-05	0.99185	0
123	H	0.00802	1e-05	0.99197	0
124	M	0.00439	1e-05	0.99559	0
125	L	0.00393	2e-05	0.99606	0
126	F	0.00335	0.00012	0.99653	0
127	D	0.00332	0.01333	0.98336	0
128	R	0.00288	0.0145	0.98262	0
129	I	0.00007	0.01454	0.98539	0
130	R	0.00006	0.01488	0.98507	0
131	L	0.00000	0.01497	0.98503	0
132	V	0.00000	0.02835	0.97165	0
133	V	0.00000	0.83137	0.16863	0
134	T	0.00000	0.95351	0.04649	0
135	K	0.00000	0.99178	0.00822	0
136	G	0.00000	0.99178	0.00822	0
137	F	0.00000	0.99178	0.00822	0
138	S	0.00000	0.99178	0.00822	0
139	G	0.00000	0.99179	0.00821	0
140	T	0.00000	0.99177	0.00823	0
141	P	0.00000	0.99179	0.00821	0
142	G	0.00000	0.99216	0.00784	0
143	S	0.00000	0.99531	0.00469	0
144	N	0.00000	0.99569	0.00431	0
145	E	0.00000	0.99547	0.00453	0
146	N	0.00000	0.993	0.00700	0
147	S	0.00000	0.98281	0.01719	0
148	T	0.00000	0.26621	0.73379	0
149	Q	0.00000	0.26801	0.73199	0
150	N	0.00000	0.19863	0.80137	0
151	V	0.00000	0.0204	0.97960	0
152	Y	0.00000	0.01919	0.98081	0
153	K	0.00000	0.01895	0.98105	0
154	I	0.00000	0.01667	0.98333	0
155	P	0.00000	0.00472	0.99528	0
156	P	0.00000	0.00469	0.99531	0
157	T	0.00000	0.00468	0.99532	0
158	T	0.00000	0.0045	0.99550	0
159	T	0.00000	0.00417	0.99582	0
160	K	0.00000	0.00417	0.99582	0
161	A	0.00000	0.00048	0.99952	0
162	L	0.00000	3e-05	0.99996	0
163	C	0.00001	0	0.99999	0
164	P	0.00003	0	0.99997	0
165	L	0.00004	0	0.99996	0
166	Y	0.00010	0	0.99990	0
167	T	0.02230	0	0.97770	0
168	S	0.36408	0	0.63592	0
169	P	0.40054	0	0.59946	0
170	R	0.63955	0	0.36045	0
171	T	0.68253	0	0.31747	0
172	V	0.68848	0	0.31152	0
173	T	0.78051	0	0.21949	0
174	Q	0.92787	0	0.07213	0
175	A	0.99010	0	0.00990	0
176	P	0.99315	0	0.00685	0
177	P	0.63732	0	0.36268	0
178	K	0.63753	0	0.36247	0
179	S	0.63634	0	0.36366	0
180	T	0.63449	0	0.36551	0
181	A	0.63344	0	0.36656	0
182	D	0.63551	0	0.36449	0
183	V	0.63112	0	0.36888	0
184	S	0.63110	0	0.36890	0
185	T	0.63110	0	0.36890	0
186	P	0.63110	0	0.36890	0
187	D	0.63110	0	0.36890	0
188	S	0.63109	0	0.36891	0
189	E	0.63109	0	0.36891	0
190	I	0.59892	0	0.40108	0
191	N	0.59720	0	0.40280	0
192	L	0.00000	0	1.00000	0
193	T	0.00000	0	1.00000	0
194	N	0.00000	0	1.00000	0
195	V	0.00000	0.00019	0.99981	0
196	T	0.00000	0.03764	0.96236	0
197	D	0.00000	0.25593	0.74407	0
198	I	0.00000	0.25776	0.74224	0
199	I	0.00000	0.27392	0.72608	0
200	R	0.00000	0.34135	0.65865	0
201	V	0.00000	0.33949	0.66051	0
202	P	0.00000	0.34185	0.65815	0
203	V	0.00000	0.23729	0.76271	0
204	F	0.00000	0.19793	0.80207	0
205	N	0.00000	0.1741	0.82590	0
206	I	0.00000	0.03628	0.96372	0
207	V	0.00000	0.00086	0.99914	0
208	I	0.00000	0.00083	0.99917	0
209	L	0.00000	0.0101	0.98990	0
210	L	0.00000	0.01126	0.98874	0
211	A	0.00000	0.06703	0.93297	0
212	G	0.00000	0.57371	0.42629	0
213	G	0.00000	0.58254	0.41746	0
214	F	0.00000	0.0994	0.90060	0
215	L	0.00000	0.0016	0.99840	0
216	S	0.00001	0	0.99999	0
217	K	0.00028	0	0.99972	0
218	S	0.00028	0	0.99972	0
219	L	0.00028	0	0.99972	0
220	V	0.00028	0	0.99972	0
221	F	0.00028	0	0.99972	0
222	S	0.00028	0	0.99972	0
223	V	0.00175	0	0.99825	0
224	L	0.02487	0	0.97513	0
225	F	0.06171	0	0.93829	0
226	A	0.13686	0	0.86314	0
227	V	0.15500	0	0.84500	0
228	T	0.28647	0	0.71353	0
229	L	0.33629	0	0.66371	0
230	R	0.38712	0	0.61288	0
231	S	0.38712	0	0.61288	0
232	F	0.38751	0	0.61249	0
233	V	0.40967	0	0.59033	0
234	P	1.00000	0	0.00000	0
