# UNNAMED
#pos	aa	i	o	M	S
1	M	0.00000	0.00646	0.00000	0.99354
2	M	0.00000	0.00646	0.00000	0.99355
3	V	0.00000	0.00646	0.00000	0.99354
4	V	0.00000	0.00567	0.00079	0.99354
5	L	0.00000	0.00456	0.00190	0.99355
6	L	0.00000	0.00288	0.00358	0.99354
7	G	0.00000	0.0022	0.00426	0.99354
8	A	0.00000	0.00125	0.00521	0.99355
9	T	0.00000	0.00102	0.00544	0.99354
10	T	0.00000	0.00093	0.00552	0.99354
11	L	0.00000	0.00091	0.00555	0.99355
12	V	0.00000	0.0009	0.00556	0.99355
13	L	0.00000	0.0009	0.00556	0.99355
14	V	0.00000	0.0009	0.00556	0.99354
15	A	0.00000	0.0009	0.00556	0.99354
16	V	0.00000	0.0009	0.00556	0.99353
17	A	0.00000	0.00092	0.00556	0.99353
18	P	0.00000	0.00091	0.00556	0.99353
19	W	0.00000	0.00167	0.00556	0.99277
20	V	0.00000	0.00259	0.00556	0.99185
21	L	0.00000	0.00259	0.00556	0.99185
22	S	0.00000	0.00259	0.00556	0.99185
23	A	0.00001	0.0131	0.00555	0.98134
24	A	0.00026	0.01782	0.00529	0.97662
25	A	0.00033	0.24513	0.00523	0.74931
26	G	0.00080	0.50151	0.00476	0.49293
27	G	0.00161	0.68897	0.00395	0.30547
28	K	0.00489	0.99444	0.00066	0
29	N	0.00517	0.99444	0.00038	0
30	L	0.00523	0.99444	0.00033	0
31	K	0.00550	0.99444	0.00005	0
32	S	0.00554	0.99444	0.00002	0
33	P	0.00556	0.99444	0.00000	0
34	Q	0.00556	0.99444	0.00000	0
35	K	0.00556	0.99444	0.00000	0
36	V	0.00549	0.99444	0.00006	0
37	E	0.00528	0.99444	0.00028	0
38	V	0.00468	0.99444	0.00088	0
39	D	0.00455	0.99444	0.00101	0
40	I	0.00048	0.99444	0.00508	0
41	I	0.00018	0.99444	0.00538	0
42	D	0.00015	0.99444	0.00541	0
43	D	0.00005	0.99444	0.00551	0
44	N	0.00002	0.99442	0.00556	0
45	F	0.00000	0.97769	0.02231	0
46	I	0.00000	0.97759	0.02241	0
47	L	0.00000	0.97757	0.02243	0
48	R	0.00000	0.97757	0.02243	0
49	W	0.00000	0.97757	0.02243	0
50	N	0.00000	0.97757	0.02243	0
51	R	0.00000	0.97757	0.02243	0
52	S	0.00000	0.97757	0.02243	0
53	D	0.00000	0.97757	0.02243	0
54	E	0.00000	0.97758	0.02242	0
55	S	0.00000	0.97758	0.02242	0
56	V	0.00000	0.97758	0.02242	0
57	G	0.00000	0.97758	0.02242	0
58	N	0.00000	0.9776	0.02240	0
59	V	0.00000	0.97762	0.02238	0
60	T	0.00000	0.97779	0.02221	0
61	F	0.00000	0.97842	0.02158	0
62	S	0.00000	0.98076	0.01924	0
63	F	0.00001	0.981	0.01899	0
64	D	0.00718	0.98299	0.00984	0
65	Y	0.00768	0.98306	0.00925	0
66	Q	0.01642	0.9831	0.00049	0
67	K	0.01681	0.9831	0.00009	0
68	T	0.01686	0.98311	0.00003	0
69	G	0.01687	0.98311	0.00002	0
70	M	0.01687	0.98312	0.00002	0
71	D	0.01682	0.98313	0.00005	0
72	N	0.01492	0.97863	0.00646	0
73	W	0.01406	0.92132	0.06462	0
74	I	0.01325	0.91524	0.07151	0
75	K	0.01319	0.91513	0.07168	0
76	L	0.01007	0.9051	0.08482	0
77	S	0.00840	0.90482	0.08678	0
78	G	0.00129	0.90396	0.09475	0
79	C	0.00002	0.90327	0.09670	0
80	Q	0.00001	0.90302	0.09697	0
81	N	0.00001	0.90255	0.09744	0
82	I	0.00000	0.87949	0.12051	0
83	T	0.00000	0.87939	0.12061	0
84	S	0.00000	0.87939	0.12061	0
85	T	0.00000	0.87938	0.12062	0
86	K	0.00000	0.87938	0.12062	0
87	C	0.00000	0.87938	0.12062	0
88	N	0.00000	0.87938	0.12062	0
89	F	0.00000	0.87938	0.12062	0
90	S	0.00001	0.87938	0.12060	0
91	S	0.00033	0.87938	0.12028	0
92	L	0.00037	0.87938	0.12025	0
93	K	0.00124	0.87952	0.11924	0
94	L	0.00178	0.87967	0.11855	0
95	N	0.00448	0.88012	0.11541	0
96	V	0.00584	0.88038	0.11378	0
97	Y	0.02311	0.88712	0.08977	0
98	E	0.07976	0.89594	0.02430	0
99	E	0.07984	0.896	0.02416	0
100	I	0.07983	0.89601	0.02415	0
101	K	0.09729	0.89613	0.00658	0
102	L	0.09962	0.89615	0.00423	0
103	R	0.09995	0.89621	0.00385	0
104	I	0.09942	0.89622	0.00436	0
105	R	0.10301	0.89625	0.00075	0
106	A	0.08499	0.89625	0.01876	0
107	E	0.07372	0.89625	0.03003	0
108	K	0.06684	0.89625	0.03690	0
109	E	0.06202	0.89625	0.04173	0
110	N	0.04759	0.89625	0.05616	0
111	T	0.03249	0.89625	0.07126	0
112	S	0.01388	0.89625	0.08986	0
113	S	0.00194	0.89625	0.10181	0
114	W	0.00007	0.89625	0.10368	0
115	Y	0.00000	0.89625	0.10375	0
116	E	0.00000	0.89625	0.10375	0
117	V	0.00000	0.89625	0.10375	0
118	D	0.00000	0.89625	0.10375	0
119	S	0.00000	0.89625	0.10375	0
120	F	0.00000	0.89622	0.10378	0
121	T	0.00000	0.89616	0.10384	0
122	P	0.00000	0.89612	0.10388	0
123	F	0.00000	0.89583	0.10417	0
124	R	0.00000	0.89621	0.10379	0
125	K	0.00000	0.89984	0.10016	0
126	A	0.00000	0.86473	0.13527	0
127	Q	0.00000	0.87074	0.12926	0
128	I	0.00000	0.86497	0.13503	0
129	G	0.00000	0.86736	0.13264	0
130	P	0.00000	0.87871	0.12129	0
131	P	0.00000	0.88252	0.11748	0
132	E	0.00000	0.92156	0.07844	0
133	V	0.00000	0.9229	0.07709	0
134	H	0.00000	0.92717	0.07283	0
135	L	0.00000	0.92721	0.07279	0
136	E	0.00000	0.92721	0.07279	0
137	A	0.00000	0.92721	0.07279	0
138	E	0.00000	0.92721	0.07279	0
139	D	0.00000	0.92721	0.07279	0
140	K	0.00000	0.92721	0.07279	0
141	A	0.00000	0.9272	0.07280	0
142	I	0.00000	0.92719	0.07280	0
143	V	0.00001	0.92719	0.07280	0
144	I	0.00022	0.92719	0.07259	0
145	H	0.03351	0.92719	0.03930	0
146	I	0.03552	0.92719	0.03729	0
147	S	0.06968	0.92719	0.00313	0
148	P	0.07274	0.92719	0.00007	0
149	G	0.07279	0.92719	0.00002	0
150	T	0.07279	0.92719	0.00002	0
151	K	0.07274	0.92719	0.00007	0
152	D	0.06080	0.92719	0.01201	0
153	S	0.04924	0.92554	0.02522	0
154	V	0.00292	0.92421	0.07287	0
155	M	0.00014	0.89848	0.10138	0
156	W	0.00004	0.88409	0.11587	0
157	A	0.00001	0.84451	0.15548	0
158	L	0.00000	0.83417	0.16583	0
159	D	0.00001	0.82771	0.17228	0
160	G	0.00001	0.81904	0.18095	0
161	L	0.00001	0.64403	0.35596	0
162	S	0.00001	0.6086	0.39140	0
163	F	0.00001	0.54972	0.45027	0
164	T	0.00001	0.54026	0.45973	0
165	Y	0.00001	0.5338	0.46619	0
166	S	0.00001	0.48752	0.51247	0
167	L	0.00000	0.00861	0.99139	0
168	V	0.00000	0.00067	0.99933	0
169	I	0.00000	0.00039	0.99961	0
170	W	0.00001	0.00046	0.99953	0
171	K	0.00007	0.00237	0.99756	0
172	N	0.00048	0.02853	0.97099	0
173	S	0.00125	0.05424	0.94451	0
174	S	0.00224	0.06865	0.92912	0
175	G	0.00273	0.07265	0.92463	0
176	V	0.00274	0.07308	0.92418	0
177	E	0.00274	0.07315	0.92411	0
178	E	0.00274	0.07316	0.92409	0
179	R	0.00323	0.07317	0.92360	0
180	I	0.00647	0.07317	0.92035	0
181	E	0.02100	0.07318	0.90582	0
182	N	0.12956	0.07318	0.79726	0
183	I	0.13224	0.07318	0.79458	0
184	Y	0.32913	0.07318	0.59769	0
185	S	0.40466	0.07318	0.52216	0
186	R	0.46007	0.07318	0.46674	0
187	H	0.51949	0.07319	0.40733	0
188	K	0.90920	0.07319	0.01761	0
189	I	0.91781	0.07319	0.00900	0
190	Y	0.91902	0.07319	0.00779	0
191	K	0.92406	0.07319	0.00275	0
192	L	0.92407	0.07319	0.00275	0
193	S	0.92407	0.07319	0.00275	0
194	P	0.92407	0.07319	0.00275	0
195	E	0.90493	0.07319	0.02189	0
196	T	0.82621	0.07315	0.10064	0
197	T	0.37446	0.07298	0.55256	0
198	Y	0.19706	0.07085	0.73209	0
199	C	0.00206	0.0689	0.92904	0
200	L	0.00022	0.05728	0.94249	0
201	K	0.00018	0.05557	0.94425	0
202	V	0.00001	0.01732	0.98267	0
203	K	0.00001	0.01455	0.98544	0
204	A	0.00001	0.0014	0.99859	0
205	A	0.00000	0.0006	0.99940	0
206	L	0.00000	0.00079	0.99921	0
207	L	0.00000	0.00091	0.99909	0
208	T	0.00000	0.00186	0.99814	0
209	S	0.00000	0.00189	0.99810	0
210	W	0.00000	0.00191	0.99809	0
211	K	0.00000	0.00199	0.99801	0
212	I	0.00000	0.00201	0.99799	0
213	G	0.00000	0.00216	0.99784	0
214	V	0.00000	0.00316	0.99684	0
215	Y	0.00000	0.39566	0.60434	0
216	S	0.00000	0.56654	0.43346	0
217	P	0.00000	0.57888	0.42111	0
218	V	0.00000	0.63384	0.36616	0
219	H	0.00000	0.86548	0.13451	0
220	C	0.00000	0.92148	0.07851	0
221	I	0.00000	0.92299	0.07700	0
222	K	0.00000	0.92694	0.07306	0
223	T	0.04838	0.92698	0.02464	0
224	T	0.05965	0.92699	0.01336	0
225	V	0.06473	0.92699	0.00828	0
226	E	0.06844	0.92701	0.00455	0
227	N	0.07274	0.92701	0.00025	0
228	E	0.07275	0.92699	0.00026	0
229	L	0.07277	0.92695	0.00028	0
230	P	0.07280	0.92695	0.00025	0
231	P	0.07280	0.92695	0.00025	0
232	P	0.07280	0.92695	0.00024	0
233	E	0.07280	0.92695	0.00024	0
234	N	0.07280	0.92695	0.00024	0
235	I	0.07280	0.92695	0.00024	0
236	E	0.07281	0.92695	0.00024	0
237	V	0.07281	0.92695	0.00025	0
238	S	0.07281	0.92692	0.00027	0
239	V	0.07279	0.92692	0.00029	0
240	Q	0.07291	0.92691	0.00017	0
241	N	0.07289	0.92689	0.00023	0
242	Q	0.07287	0.92344	0.00369	0
243	N	0.06645	0.92248	0.01107	0
244	Y	0.02734	0.81302	0.15964	0
245	V	0.00446	0.53681	0.45874	0
246	L	0.00041	0.44202	0.55758	0
247	K	0.00036	0.43792	0.56171	0
248	W	0.00019	0.11745	0.88237	0
249	D	0.00022	0.02303	0.97675	0
250	Y	0.00015	0.02109	0.97876	0
251	T	0.00010	0.02103	0.97887	0
252	Y	0.00006	0.02103	0.97891	0
253	A	0.00005	0.02103	0.97892	0
254	N	0.00003	0.02103	0.97894	0
255	M	0.00003	0.02103	0.97894	0
256	T	0.00003	0.02103	0.97895	0
257	F	0.00003	0.02103	0.97895	0
258	Q	0.00003	0.02103	0.97895	0
259	V	0.00001	0.02103	0.97897	0
260	Q	0.00001	0.02104	0.97896	0
261	W	0.00000	0.02104	0.97896	0
262	L	0.00019	0.02108	0.97872	0
263	H	0.00293	0.02214	0.97493	0
264	A	0.02278	0.02293	0.95429	0
265	F	0.18523	0.02851	0.78626	0
266	L	0.21624	0.0435	0.74026	0
267	K	0.39995	0.09352	0.50653	0
268	R	0.57526	0.09384	0.33090	0
269	N	0.68120	0.09386	0.22494	0
270	P	0.90592	0.09387	0.00021	0
271	G	0.90592	0.09391	0.00017	0
272	N	0.90592	0.09404	0.00004	0
273	H	0.90592	0.09404	0.00004	0
274	L	0.90592	0.09404	0.00004	0
275	Y	0.90592	0.09404	0.00004	0
276	K	0.90593	0.09404	0.00003	0
277	W	0.90593	0.09404	0.00003	0
278	K	0.90592	0.09404	0.00004	0
279	Q	0.90566	0.09404	0.00029	0
280	I	0.89950	0.09405	0.00645	0
281	P	0.89943	0.09407	0.00650	0
282	D	0.89863	0.09406	0.00731	0
283	C	0.55296	0.09405	0.35300	0
284	E	0.55145	0.09401	0.35454	0
285	N	0.51833	0.09306	0.38861	0
286	V	0.43713	0.09067	0.47220	0
287	K	0.43327	0.09066	0.47607	0
288	T	0.41333	0.09065	0.49602	0
289	T	0.07566	0.09057	0.83377	0
290	Q	0.04451	0.09056	0.86493	0
291	C	0.01169	0.09052	0.89778	0
292	V	0.01168	0.09052	0.89779	0
293	F	0.01168	0.09052	0.89779	0
294	P	0.01168	0.09052	0.89779	0
295	Q	0.01168	0.09052	0.89780	0
296	N	0.01168	0.09052	0.89780	0
297	V	0.01168	0.09052	0.89780	0
298	F	0.01167	0.09052	0.89780	0
299	Q	0.01167	0.09178	0.89654	0
300	K	0.01167	0.09683	0.89150	0
301	G	0.01167	0.09688	0.89145	0
302	I	0.01166	0.09718	0.89116	0
303	Y	0.01163	0.11458	0.87379	0
304	L	0.01163	0.1633	0.82506	0
305	L	0.01165	0.26482	0.72353	0
306	R	0.01177	0.46563	0.52260	0
307	V	0.01194	0.48205	0.50601	0
308	Q	0.01496	0.60819	0.37686	0
309	A	0.01499	0.64292	0.34209	0
310	S	0.01508	0.85436	0.13056	0
311	D	0.01518	0.98403	0.00079	0
312	G	0.01518	0.98404	0.00078	0
313	N	0.01518	0.98405	0.00078	0
314	N	0.01518	0.98404	0.00078	0
315	T	0.01518	0.98395	0.00087	0
316	S	0.01518	0.98375	0.00107	0
317	F	0.01518	0.98375	0.00107	0
318	W	0.01518	0.98368	0.00114	0
319	S	0.01518	0.98368	0.00113	0
320	E	0.01519	0.98366	0.00115	0
321	E	0.01519	0.98366	0.00115	0
322	I	0.01518	0.98347	0.00134	0
323	K	0.01519	0.98349	0.00132	0
324	F	0.01519	0.98349	0.00132	0
325	D	0.01524	0.9835	0.00126	0
326	T	0.01552	0.98282	0.00165	0
327	E	0.01555	0.98206	0.00239	0
328	I	0.01195	0.96137	0.02668	0
329	Q	0.00192	0.70077	0.29731	0
330	A	0.00087	0.4808	0.51834	0
331	F	0.00085	0.48031	0.51884	0
332	L	0.00085	0.4803	0.51884	0
333	L	0.00085	0.4803	0.51884	0
334	P	0.00085	0.4803	0.51884	0
335	P	0.00085	0.4803	0.51884	0
336	V	0.00085	0.4803	0.51885	0
337	F	0.00085	0.4803	0.51884	0
338	N	0.00087	0.4803	0.51883	0
339	I	0.00087	0.4803	0.51883	0
340	R	0.00109	0.4803	0.51860	0
341	S	0.00119	0.4803	0.51851	0
342	L	0.00119	0.4803	0.51851	0
343	S	0.00126	0.4803	0.51843	0
344	D	0.00136	0.4803	0.51833	0
345	S	0.00098	0.48017	0.51884	0
346	F	0.00081	0.4644	0.53479	0
347	H	0.00079	0.46397	0.53523	0
348	I	0.00075	0.41078	0.58847	0
349	Y	0.00078	0.15199	0.84723	0
350	I	0.00170	0.14973	0.84856	0
351	G	0.11480	0.15558	0.72962	0
352	A	0.45509	0.1546	0.39031	0
353	P	0.49973	0.15524	0.34503	0
354	K	0.50349	0.15555	0.34096	0
355	Q	0.50352	0.15403	0.34244	0
356	S	0.50352	0.15398	0.34250	0
357	G	0.50352	0.15398	0.34250	0
358	N	0.50351	0.15394	0.34255	0
359	T	0.50276	0.13574	0.36150	0
360	P	0.50276	0.13572	0.36152	0
361	V	0.50276	0.13529	0.36196	0
362	I	0.50276	0.13529	0.36196	0
363	Q	0.50276	0.13534	0.36190	0
364	D	0.50276	0.13562	0.36162	0
365	Y	0.50273	0.11001	0.38726	0
366	P	0.50273	0.11007	0.38720	0
367	L	0.50273	0.1101	0.38717	0
368	I	0.50274	0.11019	0.38707	0
369	Y	0.50296	0.11026	0.38678	0
370	E	0.50538	0.11036	0.38426	0
371	I	0.50541	0.11036	0.38424	0
372	I	0.50790	0.11037	0.38173	0
373	F	0.52435	0.11041	0.36524	0
374	W	0.63491	0.11068	0.25440	0
375	E	0.83973	0.11078	0.04949	0
376	N	0.84307	0.11078	0.04615	0
377	T	0.84357	0.11078	0.04565	0
378	S	0.84394	0.11081	0.04525	0
379	N	0.84455	0.11097	0.04448	0
380	A	0.84629	0.11107	0.04264	0
381	E	0.85926	0.11153	0.02921	0
382	R	0.86108	0.11151	0.02741	0
383	K	0.86140	0.11123	0.02737	0
384	I	0.86074	0.1112	0.02805	0
385	I	0.86041	0.11072	0.02887	0
386	E	0.88213	0.11074	0.00712	0
387	K	0.88683	0.11075	0.00242	0
388	K	0.88674	0.11074	0.00252	0
389	T	0.88670	0.11054	0.00276	0
390	D	0.88670	0.11053	0.00278	0
391	V	0.88404	0.11051	0.00545	0
392	T	0.80014	0.1101	0.08976	0
393	V	0.76276	0.1101	0.12715	0
394	P	0.76276	0.1101	0.12715	0
395	N	0.76276	0.1101	0.12715	0
396	L	0.76275	0.1101	0.12715	0
397	K	0.76275	0.1101	0.12715	0
398	P	0.76275	0.1101	0.12715	0
399	L	0.76275	0.1101	0.12715	0
400	T	0.76275	0.1101	0.12715	0
401	V	0.76275	0.1101	0.12715	0
402	Y	0.76273	0.1101	0.12718	0
403	C	0.76267	0.11011	0.12721	0
404	V	0.76223	0.11017	0.12760	0
405	K	0.76245	0.11105	0.12649	0
406	A	0.76256	0.11109	0.12634	0
407	R	0.76300	0.11135	0.12565	0
408	A	0.76302	0.11136	0.12563	0
409	H	0.76305	0.11154	0.12541	0
410	T	0.76315	0.1117	0.12515	0
411	M	0.76318	0.11357	0.12325	0
412	D	0.76370	0.23568	0.00063	0
413	E	0.76370	0.23576	0.00054	0
414	K	0.76368	0.23576	0.00056	0
415	L	0.76368	0.23576	0.00056	0
416	N	0.76368	0.23577	0.00056	0
417	K	0.76368	0.23577	0.00056	0
418	S	0.76368	0.23577	0.00056	0
419	S	0.76368	0.23577	0.00056	0
420	V	0.76368	0.23577	0.00056	0
421	F	0.76368	0.23577	0.00056	0
422	S	0.76368	0.23578	0.00054	0
423	D	0.76368	0.23588	0.00044	0
424	A	0.76368	0.23589	0.00044	0
425	V	0.76368	0.23593	0.00039	0
426	C	0.76368	0.23625	0.00008	0
427	E	0.76368	0.2363	0.00003	0
428	K	0.76368	0.2363	0.00003	0
429	T	0.76367	0.2363	0.00003	0
430	K	0.76367	0.2363	0.00003	0
431	P	0.76367	0.2363	0.00003	0
432	G	0.76342	0.2363	0.00029	0
433	N	0.76126	0.23626	0.00248	0
434	T	0.75817	0.22602	0.01581	0
435	S	0.74979	0.21244	0.03777	0
436	K	0.44723	0.17292	0.37985	0
437	I	0.00009	0.00127	0.99865	0
438	W	0.00004	4e-05	0.99992	0
439	L	0.00000	0	1.00000	0
440	I	0.00000	0	1.00000	0
441	V	0.00000	0	1.00000	0
442	G	0.00000	0	1.00000	0
443	I	0.00000	0	1.00000	0
444	C	0.00000	0	1.00000	0
445	I	0.00000	0	1.00000	0
446	A	0.00000	0	1.00000	0
447	L	0.00000	0	1.00000	0
448	F	0.00000	0	1.00000	0
449	A	0.00000	0	1.00000	0
450	L	0.00000	0	1.00000	0
451	P	0.00000	0	1.00000	0
452	F	0.00000	0	1.00000	0
453	V	0.00001	2e-05	0.99997	0
454	I	0.00012	0.00026	0.99962	0
455	Y	0.01416	0.00535	0.98050	0
456	A	0.04786	0.05204	0.90010	0
457	A	0.14657	0.56463	0.28879	0
458	K	0.23633	0.73793	0.02574	0
459	V	0.23633	0.24314	0.52054	0
460	F	0.23633	0.00761	0.75607	0
461	L	0.23633	0.00171	0.76197	0
462	R	0.23633	0.00224	0.76144	0
463	C	0.23633	0.00224	0.76143	0
464	I	0.23633	0.00223	0.76144	0
465	N	0.23633	0.00222	0.76146	0
466	Y	0.23633	0.0022	0.76148	0
467	V	0.23633	0.00218	0.76149	0
468	F	0.23633	0.00216	0.76152	0
469	F	0.23633	0.0012	0.76247	0
470	P	0.23633	0.00111	0.76256	0
471	S	0.23633	0.00096	0.76272	0
472	L	0.23633	0.00078	0.76290	0
473	K	0.23633	0.00077	0.76290	0
474	P	0.23633	0.00075	0.76292	0
475	S	0.23633	0.00073	0.76295	0
476	S	0.23633	0.00051	0.76316	0
477	S	0.23633	0.00037	0.76330	0
478	I	0.23633	0.00036	0.76331	0
479	D	0.79251	0.00036	0.20713	0
480	E	0.99772	0.00036	0.00192	0
481	Y	0.99772	0.00036	0.00192	0
482	F	0.99773	0.00036	0.00191	0
483	S	0.99775	0.00036	0.00189	0
484	E	0.99776	0.00036	0.00188	0
485	Q	0.99776	0.00036	0.00188	0
486	P	0.99776	0.00036	0.00188	0
487	L	0.99776	0.00034	0.00190	0
488	K	0.99776	0.00032	0.00192	0
489	N	0.99776	0.00029	0.00195	0
490	L	0.99776	0.00017	0.00206	0
491	L	0.99776	0.00017	0.00207	0
492	L	0.99776	0.00017	0.00207	0
493	S	0.99776	0.00016	0.00208	0
494	T	0.99877	0.00014	0.00109	0
495	S	0.99933	0.00013	0.00054	0
496	E	0.99964	9e-05	0.00027	0
497	E	0.99964	0	0.00036	0
498	Q	0.99964	0	0.00036	0
499	I	0.99964	0	0.00036	0
500	E	0.99964	0	0.00036	0
501	K	0.99964	0	0.00036	0
502	C	0.99964	0	0.00036	0
503	F	0.99964	0	0.00036	0
504	I	0.99964	0	0.00036	0
505	I	0.99964	0	0.00036	0
506	E	0.99964	0	0.00036	0
507	N	0.99964	0	0.00036	0
508	I	0.99964	0	0.00036	0
509	S	0.99964	0	0.00036	0
510	T	0.99964	0	0.00036	0
511	I	0.99964	0	0.00036	0
512	A	0.99969	0	0.00031	0
513	T	0.99981	0	0.00019	0
514	V	0.99982	0	0.00018	0
515	E	1.00000	0	0.00000	0
516	E	1.00000	0	0.00000	0
517	T	1.00000	0	0.00000	0
518	N	1.00000	0	0.00000	0
519	Q	1.00000	0	0.00000	0
520	T	1.00000	0	0.00000	0
521	D	1.00000	0	0.00000	0
522	E	1.00000	0	0.00000	0
523	D	1.00000	0	0.00000	0
524	H	1.00000	0	0.00000	0
525	K	1.00000	0	0.00000	0
526	K	1.00000	0	0.00000	0
527	Y	1.00000	0	0.00000	0
528	S	1.00000	0	0.00000	0
529	S	1.00000	0	0.00000	0
530	Q	1.00000	0	0.00000	0
531	T	1.00000	0	0.00000	0
532	S	1.00000	0	0.00000	0
533	Q	1.00000	0	0.00000	0
534	D	1.00000	0	0.00000	0
535	S	1.00000	0	0.00000	0
536	G	1.00000	0	0.00000	0
537	N	1.00000	0	0.00000	0
538	Y	1.00000	0	0.00000	0
539	S	1.00000	0	0.00000	0
540	N	1.00000	0	0.00000	0
541	E	1.00000	0	0.00000	0
542	D	1.00000	0	0.00000	0
543	E	1.00000	0	0.00000	0
544	S	1.00000	0	0.00000	0
545	E	1.00000	0	0.00000	0
546	S	1.00000	0	0.00000	0
547	K	1.00000	0	0.00000	0
548	T	1.00000	0	0.00000	0
549	S	1.00000	0	0.00000	0
550	E	1.00000	0	0.00000	0
551	E	1.00000	0	0.00000	0
552	L	1.00000	0	0.00000	0
553	Q	1.00000	0	0.00000	0
554	Q	1.00000	0	0.00000	0
555	D	1.00000	0	0.00000	0
556	F	1.00000	0	0.00000	0
557	V	1.00000	0	0.00000	0
