# UNNAMED
#pos	aa	i	o	M	S
1	M	0.00000	1	0.00000	0
2	T	0.00000	1	0.00000	0
3	F	0.00000	1	0.00000	0
4	D	0.00000	1	0.00000	0
5	D	0.00000	1	0.00000	0
6	L	0.00000	1	0.00000	0
7	K	0.00000	1	0.00000	0
8	I	0.00000	1	0.00000	0
9	Q	0.00000	1	0.00000	0
10	T	0.00000	1	0.00000	0
11	V	0.00000	1	0.00000	0
12	K	0.00000	1	0.00000	0
13	D	0.00000	1	0.00000	0
14	Q	0.00000	1	0.00000	0
15	P	0.00000	1	0.00000	0
16	D	0.00000	1	0.00000	0
17	E	0.00000	1	0.00000	0
18	K	0.00000	1	0.00000	0
19	S	0.00000	1	0.00000	0
20	N	0.00000	1	0.00000	0
21	G	0.00000	1	0.00000	0
22	K	0.00000	1	0.00000	0
23	K	0.00000	1	0.00000	0
24	A	0.00000	1	0.00000	0
25	K	0.00000	0.99999	0.00001	0
26	G	0.00000	0.99989	0.00011	0
27	L	0.00000	0.99343	0.00657	0
28	Q	0.00000	0.99257	0.00743	0
29	F	0.00000	0.98469	0.01531	0
30	L	0.00000	0.92623	0.07377	0
31	Y	0.00000	0.02461	0.97539	0
32	S	0.00000	0.01487	0.98513	0
33	P	0.00000	0.00852	0.99148	0
34	W	0.00000	0.00125	0.99875	0
35	W	0.00000	0.00053	0.99947	0
36	C	0.00000	0.00046	0.99954	0
37	L	0.00000	5e-05	0.99995	0
38	A	0.00000	0	1.00000	0
39	A	0.00000	0	1.00000	0
40	A	0.00000	0	1.00000	0
41	T	0.00000	0	1.00000	0
42	L	0.00000	0	1.00000	0
43	G	0.00000	0	1.00000	0
44	V	0.00000	0	1.00000	0
45	L	0.00001	0	0.99999	0
46	C	0.00025	0	0.99975	0
47	L	0.00186	0	0.99814	0
48	G	0.00878	0	0.99122	0
49	L	0.05104	0	0.94896	0
50	V	0.26296	0	0.73704	0
51	V	0.67926	0	0.32074	0
52	T	0.93709	0	0.06291	0
53	I	0.92512	0	0.07488	0
54	M	0.91519	0	0.08481	0
55	V	0.74863	0	0.25137	0
56	L	0.16958	0	0.83042	0
57	G	0.14529	0	0.85471	0
58	M	0.04572	0	0.95428	0
59	Q	0.04389	0	0.95611	0
60	L	0.03932	0	0.96068	0
61	S	0.03882	0	0.96118	0
62	Q	0.03267	0	0.96733	0
63	V	0.00295	0	0.99705	0
64	S	0.00131	0	0.99869	0
65	D	0.00043	0	0.99957	0
66	L	0.00015	0	0.99985	0
67	L	0.00013	0	0.99987	0
68	T	0.00013	0	0.99987	0
69	Q	0.00012	0	0.99988	0
70	E	0.00012	2e-05	0.99986	0
71	Q	0.00012	0.00039	0.99950	0
72	A	0.00007	0.00404	0.99589	0
73	N	0.00002	0.08441	0.91558	0
74	L	0.00000	0.19557	0.80443	0
75	T	0.00000	0.52924	0.47076	0
76	H	0.00000	0.95216	0.04784	0
77	Q	0.00000	0.95392	0.04608	0
78	K	0.00000	0.9541	0.04590	0
79	K	0.00000	0.95449	0.04551	0
80	K	0.00000	0.9549	0.04510	0
81	L	0.00000	0.95539	0.04461	0
82	E	0.00000	0.99662	0.00338	0
83	G	0.00000	0.99915	0.00085	0
84	Q	0.00000	0.9991	0.00090	0
85	I	0.00000	0.95365	0.04635	0
86	S	0.00000	0.721	0.27900	0
87	A	0.00000	0.05169	0.94831	0
88	R	0.00000	0.05174	0.94826	0
89	Q	0.00000	0.05174	0.94826	0
90	Q	0.00000	0.05175	0.94825	0
91	A	0.00000	0.05175	0.94825	0
92	E	0.00000	0.05183	0.94817	0
93	E	0.00000	0.05186	0.94814	0
94	A	0.00000	0.05182	0.94818	0
95	S	0.00000	0.05182	0.94818	0
96	Q	0.00000	0.05182	0.94818	0
97	E	0.00000	0.05182	0.94818	0
98	S	0.00000	0.05182	0.94818	0
99	E	0.00000	0.05182	0.94818	0
100	N	0.00000	0.05182	0.94818	0
101	E	0.00000	0.05182	0.94818	0
102	L	0.00000	0.05182	0.94818	0
103	K	0.00000	0.05182	0.94817	0
104	E	0.00007	0.05182	0.94811	0
105	M	0.00202	0.05182	0.94616	0
106	I	0.03481	0.05182	0.91337	0
107	E	0.04562	0.05182	0.90256	0
108	T	0.37415	0.00345	0.62240	0
109	L	0.54216	1e-05	0.45783	0
110	A	0.74605	0	0.25395	0
111	R	0.85073	0	0.14927	0
112	K	0.93877	0	0.06123	0
113	L	0.94244	0	0.05756	0
114	N	0.94773	0	0.05227	0
115	E	0.94780	0	0.05220	0
116	K	0.94818	0	0.05182	0
117	S	0.94818	0	0.05182	0
118	K	0.94818	0	0.05182	0
119	E	0.94818	0	0.05182	0
120	Q	0.94798	0	0.05202	0
121	M	0.86915	0	0.13085	0
122	E	0.86142	0	0.13858	0
123	L	0.80629	0	0.19371	0
124	H	0.80269	0	0.19731	0
125	H	0.79482	0	0.20518	0
126	Q	0.78982	0	0.21018	0
127	N	0.82652	0	0.17348	0
128	L	0.79288	0	0.20712	0
129	N	0.79275	0	0.20725	0
130	L	0.78439	0	0.21561	0
131	Q	0.78148	0	0.21852	0
132	E	0.41149	0	0.58851	0
133	T	0.08469	0	0.91531	0
134	L	0.05229	0	0.94771	0
135	K	0.05231	0	0.94769	0
136	R	0.05211	0	0.94789	0
137	V	0.05183	0	0.94817	0
138	A	0.04863	0	0.95137	0
139	N	0.04750	0.0018	0.95071	0
140	C	0.01241	0.03578	0.95181	0
141	S	0.01239	0.07344	0.91416	0
142	A	0.01238	0.07655	0.91106	0
143	P	0.01237	0.11709	0.87054	0
144	C	0.01216	0.13886	0.84897	0
145	P	0.01216	0.14203	0.84580	0
146	Q	0.01196	0.15641	0.83164	0
147	D	0.00285	0.16737	0.82978	0
148	W	0.00012	0.16745	0.83242	0
149	I	0.00002	0.16792	0.83206	0
150	W	0.00000	0.18449	0.81550	0
151	H	0.00000	0.25806	0.74194	0
152	G	0.00000	0.36844	0.63156	0
153	E	0.00000	0.90037	0.09963	0
154	N	0.00000	0.93764	0.06236	0
155	C	0.00000	0.94132	0.05868	0
156	Y	0.00000	0.93786	0.06214	0
157	L	0.00000	0.93718	0.06282	0
158	F	0.00000	0.93752	0.06248	0
159	S	0.00000	0.9399	0.06010	0
160	S	0.00000	0.94335	0.05665	0
161	G	0.00000	0.97384	0.02616	0
162	S	0.00000	0.97609	0.02391	0
163	F	0.00000	0.97654	0.02346	0
164	N	0.00000	0.97714	0.02286	0
165	W	0.00000	0.97724	0.02276	0
166	E	0.00000	0.9835	0.01650	0
167	K	0.00000	0.98875	0.01125	0
168	S	0.00000	0.98913	0.01087	0
169	Q	0.00000	0.98938	0.01062	0
170	E	0.00000	0.98942	0.01058	0
171	K	0.00000	0.98889	0.01111	0
172	C	0.00000	0.98889	0.01111	0
173	L	0.00000	0.98856	0.01144	0
174	S	0.00001	0.98856	0.01143	0
175	L	0.00013	0.98856	0.01131	0
176	D	0.00725	0.98856	0.00419	0
177	A	0.00738	0.98856	0.00406	0
178	K	0.00802	0.98856	0.00343	0
179	L	0.00807	0.98819	0.00374	0
180	L	0.00878	0.98816	0.00306	0
181	K	0.01045	0.98815	0.00140	0
182	I	0.01047	0.31384	0.67569	0
183	N	0.01058	0.31381	0.67561	0
184	S	0.01058	0.00147	0.98795	0
185	T	0.01058	0.0014	0.98802	0
186	A	0.01058	0.00138	0.98804	0
187	D	0.01058	0.00137	0.98805	0
188	L	0.01057	0.00085	0.98859	0
189	D	0.01057	0.00084	0.98859	0
190	F	0.00942	0.00068	0.98990	0
191	I	0.00187	0.00059	0.99754	0
192	Q	0.00207	0.00058	0.99734	0
193	Q	0.00180	0.00047	0.99774	0
194	A	0.00082	2e-05	0.99916	0
195	I	0.00086	1e-05	0.99912	0
196	S	0.00101	0	0.99899	0
197	Y	0.00103	0	0.99897	0
198	S	0.00105	0	0.99895	0
199	S	0.00105	0	0.99895	0
200	F	0.00105	0	0.99895	0
201	P	0.00105	0	0.99895	0
202	F	0.00106	0	0.99894	0
203	W	0.00107	0	0.99893	0
204	M	0.00182	0	0.99818	0
205	G	0.01331	0	0.98669	0
206	L	0.02547	0	0.97453	0
207	S	0.83177	0	0.16823	0
208	R	0.98230	0.0001	0.01760	0
209	R	0.98737	0.00062	0.01201	0
210	N	0.98763	0.00115	0.01122	0
211	P	0.98781	0.00274	0.00945	0
212	S	0.98784	0.00497	0.00719	0
213	Y	0.98772	0.00913	0.00314	0
214	P	0.98773	0.00956	0.00271	0
215	W	0.98773	0.00957	0.00270	0
216	L	0.98773	0.00959	0.00268	0
217	W	0.98777	0.00988	0.00235	0
218	E	0.98833	0.01039	0.00128	0
219	D	0.98833	0.01039	0.00128	0
220	G	0.93267	0.01039	0.05693	0
221	S	0.90619	0.01039	0.08342	0
222	P	0.90619	0.01039	0.08342	0
223	L	0.90608	0.01039	0.08353	0
224	M	0.90581	0.01039	0.08379	0
225	P	0.90580	0.0104	0.08380	0
226	H	0.90078	0.01035	0.08887	0
227	L	0.00018	0.00542	0.99440	0
228	F	0.00000	0.00556	0.99444	0
229	R	0.00000	0.0063	0.99370	0
230	V	0.00000	0.00632	0.99368	0
231	R	0.00000	0.00643	0.99357	0
232	G	0.00000	0.00644	0.99356	0
233	A	0.00000	0.00644	0.99356	0
234	V	0.00000	0.00658	0.99342	0
235	S	0.00000	0.00661	0.99339	0
236	Q	0.00000	0.00664	0.99336	0
237	T	0.00000	0.00664	0.99336	0
238	Y	0.00000	0.00671	0.99329	0
239	P	0.00000	0.01046	0.98954	0
240	S	0.00000	0.02718	0.97282	0
241	G	0.00000	0.07608	0.92392	0
242	T	0.00000	0.08841	0.91159	0
243	C	0.00000	0.08875	0.91125	0
244	A	0.00000	0.00448	0.99552	0
245	Y	0.00000	0.11049	0.88951	0
246	I	0.00006	0.87865	0.12129	0
247	Q	0.00472	0.80811	0.18717	0
248	R	0.00502	0.02757	0.96741	0
249	G	0.00502	4e-05	0.99494	0
250	A	0.00502	2e-05	0.99496	0
251	V	0.00502	0	0.99498	0
252	Y	0.00502	0	0.99498	0
253	A	0.00502	0	0.99498	0
254	E	0.00504	0	0.99496	0
255	N	0.00504	0	0.99496	0
256	C	0.00504	0	0.99496	0
257	I	0.00504	0	0.99496	0
258	L	0.00504	0	0.99496	0
259	A	0.00504	0	0.99496	0
260	A	0.00504	0	0.99496	0
261	F	0.00504	0	0.99496	0
262	S	0.00507	0	0.99493	0
263	I	0.00554	0	0.99446	0
264	C	0.01331	0	0.98669	0
265	Q	0.09608	0	0.90392	0
266	K	0.99996	0	0.00004	0
267	K	0.99996	0	0.00004	0
268	A	0.99996	0	0.00004	0
269	N	0.99996	0	0.00004	0
270	L	0.99996	0	0.00004	0
271	R	0.99996	0	0.00004	0
272	A	0.99996	0	0.00004	0
273	Q	1.00000	0	0.00000	0
