# UNNAMED
#pos	aa	i	o	M	S
1	M	0.00000	1	0.00000	0
2	A	0.00000	1	0.00000	0
3	E	0.00000	1	0.00000	0
4	A	0.00000	1	0.00000	0
5	I	0.00000	1	0.00000	0
6	T	0.00000	1	0.00000	0
7	Y	0.00000	1	0.00000	0
8	A	0.00000	1	0.00000	0
9	D	0.00000	1	0.00000	0
10	L	0.00000	1	0.00000	0
11	R	0.00000	1	0.00000	0
12	F	0.00000	1	0.00000	0
13	V	0.00000	1	0.00000	0
14	K	0.00000	1	0.00000	0
15	A	0.00000	1	0.00000	0
16	P	0.00000	1	0.00000	0
17	L	0.00000	1	0.00000	0
18	K	0.00000	1	0.00000	0
19	K	0.00000	1	0.00000	0
20	S	0.00000	1	0.00000	0
21	I	0.00000	1	0.00000	0
22	S	0.00000	1	0.00000	0
23	S	0.00000	1	0.00000	0
24	R	0.00000	1	0.00000	0
25	L	0.00000	1	0.00000	0
26	G	0.00000	1	0.00000	0
27	Q	0.00000	1	0.00000	0
28	D	0.00000	1	0.00000	0
29	P	0.00000	1	0.00000	0
30	G	0.00000	1	0.00000	0
31	A	0.00000	1	0.00000	0
32	D	0.00000	1	0.00000	0
33	D	0.00000	1	0.00000	0
34	D	0.00000	1	0.00000	0
35	G	0.00000	0.95496	0.04504	0
36	E	0.00000	0.94135	0.05865	0
37	I	0.00000	0.92383	0.07617	0
38	T	0.00000	0.922	0.07800	0
39	Y	0.00000	0.92011	0.07989	0
40	E	0.00000	0.91986	0.08014	0
41	N	0.00000	0.91286	0.08714	0
42	V	0.00000	0.89303	0.10697	0
43	Q	0.00000	0.89176	0.10824	0
44	V	0.00000	0.88919	0.11081	0
45	P	0.00000	0.88892	0.11108	0
46	A	0.00000	0.88844	0.11156	0
47	V	0.00000	0.88794	0.11206	0
48	L	0.00000	0.88792	0.11208	0
49	G	0.00000	0.88791	0.11209	0
50	V	0.00000	0.8879	0.11210	0
51	P	0.00000	0.88789	0.11211	0
52	S	0.00000	0.88788	0.11212	0
53	S	0.00005	0.88785	0.11210	0
54	L	0.00020	0.8877	0.11210	0
55	A	0.00937	0.88763	0.10301	0
56	S	0.03331	0.8876	0.07909	0
57	S	0.04393	0.8876	0.06847	0
58	V	0.04824	0.8876	0.06416	0
59	L	0.06561	0.8876	0.04679	0
60	G	0.08914	0.8876	0.02327	0
61	D	0.10388	0.8876	0.00852	0
62	K	0.10508	0.88755	0.00738	0
63	A	0.10232	0.88677	0.01091	0
64	A	0.09292	0.88664	0.02044	0
65	V	0.01482	0.88645	0.09873	0
66	K	0.01960	0.88628	0.09411	0
67	S	0.02050	0.88072	0.09878	0
68	E	0.02050	0.87661	0.10288	0
69	Q	0.02049	0.86864	0.11086	0
70	P	0.02047	0.4226	0.55693	0
71	T	0.00524	0.00967	0.98509	0
72	A	0.00523	0.00817	0.98660	0
73	S	0.00523	0.00812	0.98665	0
74	W	0.00523	0.00801	0.98676	0
75	R	0.00524	0.00801	0.98675	0
76	A	0.00524	0.00798	0.98678	0
77	V	0.00526	0.00798	0.98677	0
78	T	0.00541	0.00798	0.98661	0
79	S	0.00561	0.00798	0.98642	0
80	P	0.00561	0.00798	0.98641	0
81	A	0.00428	0.00799	0.98773	0
82	V	0.00040	0.00834	0.99126	0
83	G	0.00049	0.0146	0.98491	0
84	R	0.00064	0.04674	0.95263	0
85	I	0.00066	0.09887	0.90047	0
86	L	0.00160	0.09903	0.89937	0
87	P	0.01544	0.09939	0.88517	0
88	C	0.02835	0.11436	0.85729	0
89	R	0.87474	0.1147	0.01056	0
90	T	0.87898	0.11476	0.00626	0
91	T	0.87939	0.11463	0.00598	0
92	C	0.87716	0.11451	0.00832	0
93	L	0.84258	0.1127	0.04473	0
94	R	0.81581	0.10944	0.07476	0
95	Y	0.18344	0.08691	0.72966	0
96	L	0.08843	0.05044	0.86113	0
97	L	0.03347	0.02741	0.93911	0
98	L	0.00670	0.00561	0.98769	0
99	G	0.00484	0.00067	0.99448	0
100	L	0.00074	0.00011	0.99915	0
101	L	0.00012	2e-05	0.99986	0
102	L	0.00004	9e-05	0.99987	0
103	T	0.00003	0.00062	0.99935	0
104	C	0.00001	0.00102	0.99897	0
105	L	0.00000	0.00102	0.99898	0
106	L	0.00000	0.00102	0.99898	0
107	L	0.00000	0.00102	0.99898	0
108	G	0.00000	0.00103	0.99897	0
109	V	0.00000	0.00104	0.99896	0
110	T	0.00000	0.00367	0.99633	0
111	A	0.00000	0.00457	0.99543	0
112	I	0.00000	0.00982	0.99018	0
113	C	0.00002	0.65829	0.34169	0
114	L	0.00041	0.66269	0.33690	0
115	G	0.00225	0.68239	0.31536	0
116	V	0.00454	0.70851	0.28695	0
117	R	0.01220	0.72768	0.26012	0
118	Y	0.01434	0.72785	0.25781	0
119	L	0.01774	0.75111	0.23115	0
120	Q	0.02247	0.84553	0.13200	0
121	V	0.08782	0.86028	0.05190	0
122	S	0.11475	0.88137	0.00388	0
123	Q	0.11475	0.69868	0.18658	0
124	Q	0.11470	0.47906	0.40623	0
125	L	0.11320	0.47195	0.41485	0
126	Q	0.11317	0.20958	0.67725	0
127	Q	0.11311	0.15903	0.72786	0
128	T	0.11280	0.15874	0.72846	0
129	N	0.11182	0.15874	0.72943	0
130	R	0.11116	0.15874	0.73009	0
131	V	0.09766	0.15874	0.74359	0
132	L	0.09431	0.15874	0.74695	0
133	E	0.09423	0.15874	0.74702	0
134	V	0.09395	0.15874	0.74731	0
135	T	0.09391	0.15874	0.74734	0
136	N	0.09350	0.15874	0.74776	0
137	S	0.09340	0.15763	0.74897	0
138	S	0.09335	0.15354	0.75311	0
139	L	0.09325	0.15157	0.75518	0
140	R	0.09269	0.01641	0.89090	0
141	Q	0.09125	0.00223	0.90652	0
142	Q	0.05981	0.0003	0.93989	0
143	L	0.00950	1e-05	0.99048	0
144	R	0.10350	0.00016	0.89634	0
145	L	0.72038	0.00032	0.27930	0
146	K	0.72602	0.0014	0.27258	0
147	I	0.72639	0.0015	0.27211	0
148	T	0.72642	0.0017	0.27188	0
149	Q	0.72647	0.00237	0.27116	0
150	L	0.72647	0.00279	0.27074	0
151	G	0.72647	0.01354	0.25999	0
152	Q	0.72647	0.01851	0.25502	0
153	S	0.72647	0.01984	0.25368	0
154	A	0.72647	0.02039	0.25314	0
155	E	0.72647	0.02115	0.25237	0
156	D	0.72647	0.02134	0.25218	0
157	L	0.72912	0.02135	0.24953	0
158	Q	0.73016	0.02142	0.24842	0
159	G	0.71393	0.02157	0.26450	0
160	S	0.77006	0.02213	0.20781	0
161	R	0.72294	0.03206	0.24500	0
162	R	0.43086	0.07204	0.49710	0
163	E	0.18159	0.08898	0.72943	0
164	L	0.15949	0.08964	0.75086	0
165	A	0.15897	0.09708	0.74395	0
166	Q	0.15891	0.11472	0.72637	0
167	S	0.15879	0.11478	0.72643	0
168	Q	0.15879	0.11478	0.72643	0
169	E	0.15873	0.11478	0.72649	0
170	A	0.15662	0.11478	0.72861	0
171	L	0.15538	0.11477	0.72985	0
172	Q	0.14792	0.11477	0.73731	0
173	V	0.13847	0.11477	0.74676	0
174	E	0.13328	0.11477	0.75195	0
175	Q	0.11973	0.1091	0.77116	0
176	R	0.09888	0.10699	0.79413	0
177	A	0.00214	0.10695	0.89091	0
178	H	0.00061	0.11002	0.88937	0
179	Q	0.00053	0.12839	0.87107	0
180	A	0.00003	0.14432	0.85565	0
181	A	0.00000	0.38313	0.61687	0
182	E	0.00000	0.75016	0.24984	0
183	G	0.00000	0.82119	0.17881	0
184	Q	0.00000	0.82852	0.17148	0
185	L	0.00000	0.82961	0.17039	0
186	Q	0.00000	0.83286	0.16714	0
187	A	0.00000	0.83308	0.16692	0
188	C	0.00000	0.83328	0.16672	0
189	Q	0.00000	0.83355	0.16645	0
190	A	0.00000	0.83386	0.16614	0
191	D	0.00001	0.85008	0.14991	0
192	R	0.00001	0.85133	0.14866	0
193	Q	0.00001	0.85211	0.14787	0
194	K	0.00022	0.87407	0.12572	0
195	T	0.00058	0.87913	0.12028	0
196	K	0.00785	0.95901	0.03314	0
197	E	0.00789	0.99121	0.00090	0
198	T	0.00789	0.99132	0.00079	0
199	L	0.00789	0.99136	0.00075	0
200	Q	0.00789	0.9918	0.00031	0
201	S	0.00789	0.99195	0.00015	0
202	E	0.00789	0.99201	0.00010	0
203	E	0.00789	0.99201	0.00010	0
204	Q	0.00789	0.99201	0.00010	0
205	Q	0.00789	0.99201	0.00010	0
206	R	0.00789	0.99201	0.00010	0
207	R	0.00791	0.99201	0.00008	0
208	A	0.00796	0.99201	0.00003	0
209	L	0.00796	0.99201	0.00003	0
210	E	0.00796	0.99201	0.00003	0
211	Q	0.00796	0.99201	0.00003	0
212	K	0.00796	0.99201	0.00003	0
213	L	0.00796	0.99197	0.00008	0
214	S	0.00796	0.99095	0.00109	0
215	N	0.00795	0.99092	0.00113	0
216	M	0.00778	0.3885	0.60373	0
217	E	0.00590	0.38406	0.61004	0
218	N	0.00526	0.38324	0.61150	0
219	R	0.00382	0.38129	0.61489	0
220	L	0.00012	0.36083	0.63905	0
221	K	0.00010	0.35925	0.64066	0
222	P	0.00008	0.28882	0.71110	0
223	F	0.00000	0.2065	0.79350	0
224	F	0.00000	0.20456	0.79544	0
225	T	0.00000	0.00237	0.99763	0
226	C	0.00000	0.00212	0.99788	0
227	G	0.00000	0.00042	0.99958	0
228	S	0.00000	0.00021	0.99979	0
229	A	0.00000	0.00013	0.99987	0
230	D	0.00000	0.00015	0.99985	0
231	T	0.00000	0.00012	0.99988	0
232	C	0.00000	0.00011	0.99989	0
233	C	0.00000	0.00011	0.99989	0
234	P	0.00000	0.00011	0.99989	0
235	S	0.00000	6e-05	0.99994	0
236	G	0.00000	6e-05	0.99994	0
237	W	0.00001	3e-05	0.99996	0
238	I	0.00056	4e-05	0.99940	0
239	M	0.01152	0.00035	0.98813	0
240	H	0.29294	0.00451	0.70255	0
241	Q	0.61358	0.00709	0.37933	0
242	K	0.62848	0.00796	0.36356	0
243	S	0.62950	0.00797	0.36253	0
244	C	0.62999	0.00799	0.36203	0
245	F	0.63611	0.00799	0.35590	0
246	Y	0.64114	0.00799	0.35088	0
247	I	0.74455	0.00796	0.24749	0
248	S	0.81030	0.00796	0.18174	0
249	L	0.84478	0.00796	0.14727	0
250	T	0.96730	0.00796	0.02474	0
251	S	0.99151	0.00796	0.00053	0
252	K	0.99190	0.00796	0.00015	0
253	N	0.99190	0.00795	0.00014	0
254	W	0.99191	0.00789	0.00020	0
255	Q	0.99195	0.00789	0.00015	0
256	E	0.99197	0.00789	0.00013	0
257	S	0.99198	0.00789	0.00013	0
258	Q	0.99199	0.00789	0.00012	0
259	K	0.99199	0.00789	0.00012	0
260	Q	0.99199	0.00789	0.00012	0
261	C	0.99199	0.00789	0.00012	0
262	E	0.99199	0.00784	0.00017	0
263	T	0.98590	0.00784	0.00626	0
264	L	0.78920	0.00784	0.20296	0
265	S	0.70852	0.00784	0.28365	0
266	S	0.69565	0.00784	0.29652	0
267	K	0.04287	0.00784	0.94929	0
268	L	0.02543	0.00782	0.96675	0
269	A	0.02543	0.00782	0.96675	0
270	T	0.02544	0.00782	0.96675	0
271	F	0.02544	0.00782	0.96674	0
272	S	0.02546	0.00782	0.96672	0
273	E	0.02546	0.00782	0.96672	0
274	I	0.02459	0.00776	0.96765	0
275	Y	0.02462	0.00774	0.96764	0
276	P	0.02463	0.00773	0.96764	0
277	Q	0.02429	0.00762	0.96809	0
278	S	0.02426	0.00741	0.96833	0
279	H	0.02426	0.00728	0.96846	0
280	S	0.02327	0.00122	0.97551	0
281	Y	0.00028	1e-05	0.99972	0
282	Y	0.00021	3e-05	0.99976	0
283	F	0.00014	0.00051	0.99935	0
284	L	0.00006	0.04164	0.95830	0
285	N	0.00007	0.11782	0.88211	0
286	S	0.00006	0.16062	0.83933	0
287	L	0.00005	0.17694	0.82301	0
288	L	0.00005	0.23244	0.76751	0
289	P	0.00007	0.70306	0.29688	0
290	N	0.00007	0.9221	0.07783	0
291	G	0.00007	0.95099	0.04894	0
292	G	0.00007	0.96267	0.03726	0
293	S	0.00007	0.96536	0.03457	0
294	G	0.00007	0.96621	0.03372	0
295	N	0.00007	0.96662	0.03331	0
296	S	0.00007	0.96667	0.03326	0
297	Y	0.00005	0.96672	0.03323	0
298	W	0.00003	0.96688	0.03310	0
299	T	0.00007	0.96713	0.03279	0
300	G	0.00011	0.96757	0.03232	0
301	L	0.00021	0.96811	0.03168	0
302	S	0.00694	0.98239	0.01067	0
303	S	0.00766	0.98734	0.00500	0
304	N	0.00781	0.99136	0.00082	0
305	K	0.00785	0.99205	0.00010	0
306	D	0.00785	0.99208	0.00007	0
307	W	0.00785	0.99208	0.00007	0
308	K	0.00785	0.99208	0.00007	0
309	L	0.00785	0.99208	0.00007	0
310	T	0.00785	0.99208	0.00007	0
311	D	0.00785	0.99208	0.00007	0
312	D	0.00785	0.99208	0.00007	0
313	T	0.00723	0.99208	0.00069	0
314	Q	0.00682	0.99208	0.00110	0
315	R	0.00677	0.99207	0.00116	0
316	T	0.00047	0.99206	0.00748	0
317	R	0.00019	0.99206	0.00775	0
318	T	0.00007	0.99206	0.00786	0
319	Y	0.00006	0.99208	0.00787	0
320	A	0.00004	0.9921	0.00786	0
321	Q	0.00004	0.99211	0.00785	0
322	S	0.00004	0.99212	0.00784	0
323	S	0.00004	0.99212	0.00784	0
324	K	0.00004	0.99212	0.00784	0
325	C	0.00004	0.99212	0.00784	0
326	N	0.00004	0.99212	0.00784	0
327	K	0.00004	0.99212	0.00784	0
328	V	0.00004	0.99158	0.00837	0
329	H	0.00004	0.99157	0.00839	0
330	K	0.00004	0.98783	0.01213	0
331	T	0.00004	0.14657	0.85338	0
332	W	0.00004	0.00184	0.99811	0
333	S	0.00004	0.00059	0.99937	0
334	W	0.00004	0.00093	0.99903	0
335	W	0.00004	0.0011	0.99886	0
336	T	0.00006	0.002	0.99795	0
337	L	0.00007	0.00438	0.99555	0
338	E	0.00008	0.00662	0.99331	0
339	S	0.00008	0.0028	0.99713	0
340	E	0.00008	3e-05	0.99989	0
341	S	0.00008	0	0.99992	0
342	C	0.00008	0	0.99992	0
343	R	0.00008	0	0.99992	0
344	S	0.00008	0	0.99992	0
345	S	0.00008	0	0.99992	0
346	L	0.00008	0	0.99992	0
347	P	0.00008	0	0.99992	0
348	Y	0.00008	0	0.99992	0
349	I	0.00013	0	0.99987	0
350	C	0.02732	0	0.97268	0
351	E	0.99218	0	0.00782	0
352	M	0.99218	0	0.00782	0
353	T	0.99222	0	0.00778	0
354	A	0.99228	0	0.00772	0
355	F	0.99235	0	0.00765	0
356	R	0.99319	0	0.00681	0
357	F	0.99322	0	0.00678	0
358	P	0.99366	0	0.00634	0
359	D	1.00000	0	0.00000	0
