# UNNAMED
#pos	aa	i	o	M	S
1	M	0.00000	1	0.00000	0
2	A	0.00000	1	0.00000	0
3	K	0.00000	1	0.00000	0
4	D	0.00000	1	0.00000	0
5	F	0.00000	1	0.00000	0
6	Q	0.00000	1	0.00000	0
7	D	0.00000	1	0.00000	0
8	I	0.00000	1	0.00000	0
9	Q	0.00000	1	0.00000	0
10	Q	0.00000	1	0.00000	0
11	L	0.00000	1	0.00000	0
12	S	0.00000	1	0.00000	0
13	S	0.00000	1	0.00000	0
14	E	0.00000	1	0.00000	0
15	E	0.00000	1	0.00000	0
16	N	0.00000	1	0.00000	0
17	D	0.00000	1	0.00000	0
18	H	0.00000	0.99984	0.00016	0
19	P	0.00000	0.99979	0.00021	0
20	F	0.00000	0.99978	0.00022	0
21	H	0.00000	0.99978	0.00022	0
22	Q	0.00000	0.99977	0.00023	0
23	G	0.00000	0.99977	0.00023	0
24	E	0.00000	0.99977	0.00023	0
25	G	0.00000	0.99975	0.00025	0
26	P	0.00000	0.99974	0.00026	0
27	G	0.00000	0.99974	0.00026	0
28	T	0.00000	0.99974	0.00026	0
29	R	0.00000	0.99974	0.00026	0
30	R	0.00000	0.99974	0.00026	0
31	L	0.00000	0.99974	0.00026	0
32	N	0.00000	0.99974	0.00026	0
33	P	0.00000	0.99974	0.00026	0
34	R	0.00000	0.99974	0.00026	0
35	R	0.00000	0.99974	0.00026	0
36	G	0.00000	0.99973	0.00027	0
37	N	0.00001	0.9997	0.00029	0
38	P	0.00008	0.9995	0.00042	0
39	F	0.00013	0.99798	0.00189	0
40	L	0.00019	0.99714	0.00267	0
41	K	0.00021	0.99628	0.00351	0
42	G	0.00021	0.98455	0.01524	0
43	P	0.00024	0.96734	0.03242	0
44	P	0.00026	0.90755	0.09219	0
45	P	0.00026	0.88166	0.11808	0
46	A	0.00026	0.87065	0.12909	0
47	Q	0.00026	0.86783	0.13191	0
48	P	0.00026	0.85323	0.14651	0
49	L	0.00026	0.82504	0.17471	0
50	A	0.00026	0.82193	0.17782	0
51	Q	0.00026	0.82049	0.17925	0
52	R	0.00025	0.81532	0.18443	0
53	L	0.00002	0.58998	0.41000	0
54	C	0.00001	0.57376	0.42623	0
55	S	0.00001	0.39995	0.60004	0
56	M	0.00001	0.24454	0.75545	0
57	V	0.00008	0.06743	0.93249	0
58	C	0.00013	0.05034	0.94953	0
59	F	0.00035	0.01083	0.98882	0
60	S	0.00257	0.00812	0.98932	0
61	L	0.00554	0.00552	0.98894	0
62	L	0.01657	0.00203	0.98141	0
63	A	0.05820	0.00182	0.93998	0
64	L	0.09507	0.00137	0.90356	0
65	S	0.12334	0.00118	0.87548	0
66	F	0.12623	0.00078	0.87300	0
67	N	0.12588	0.00073	0.87339	0
68	I	0.07626	5e-05	0.92370	0
69	L	0.05761	1e-05	0.94238	0
70	L	0.01992	0	0.98008	0
71	L	0.00454	0	0.99546	0
72	V	0.00193	0	0.99807	0
73	V	0.00862	1e-05	0.99138	0
74	I	0.02207	4e-05	0.97789	0
75	C	0.12044	0.00025	0.87931	0
76	V	0.26549	0.00025	0.73426	0
77	T	0.61774	0.00026	0.38201	0
78	G	0.71356	0.00026	0.28618	0
79	S	0.81125	0.00026	0.18849	0
80	Q	0.83872	0.00026	0.16102	0
81	S	0.80341	0.00027	0.19632	0
82	E	0.65871	0.0003	0.34099	0
83	G	0.55848	0.00032	0.44119	0
84	H	0.39148	0.00053	0.60799	0
85	G	0.38180	0.00069	0.61752	0
86	G	0.35012	0.00084	0.64904	0
87	A	0.34150	0.00331	0.65519	0
88	Q	0.33107	0.01345	0.65548	0
89	L	0.21739	0.01705	0.76557	0
90	Q	0.21496	0.1061	0.67894	0
91	A	0.21281	0.12701	0.66018	0
92	E	0.20608	0.13827	0.65566	0
93	L	0.04547	0.13934	0.81519	0
94	R	0.03978	0.1396	0.82062	0
95	S	0.02399	0.13963	0.83639	0
96	L	0.01025	0.13963	0.85012	0
97	K	0.01019	0.13963	0.85018	0
98	E	0.00878	0.13969	0.85153	0
99	A	0.00351	0.13869	0.85780	0
100	F	0.00012	0.13812	0.86176	0
101	S	0.00004	0.29894	0.70101	0
102	N	0.00000	0.56573	0.43426	0
103	F	0.00000	0.4853	0.51470	0
104	S	0.00000	0.49476	0.50524	0
105	S	0.00000	0.48236	0.51764	0
106	S	0.00000	0.48754	0.51246	0
107	T	0.00000	0.49576	0.50424	0
108	L	0.00000	0.50833	0.49167	0
109	T	0.00000	0.53376	0.46624	0
110	E	0.00000	0.54428	0.45572	0
111	V	0.00000	0.51987	0.48013	0
112	Q	0.00000	0.53515	0.46485	0
113	A	0.00000	0.30695	0.69305	0
114	I	0.00000	0.19665	0.80335	0
115	S	0.00000	0.35147	0.64853	0
116	T	0.00000	0.39371	0.60629	0
117	H	0.00000	0.40492	0.59508	0
118	G	0.00000	0.40431	0.59568	0
119	G	0.00000	0.33173	0.66827	0
120	S	0.00000	0.31607	0.68392	0
121	V	0.00002	0.31332	0.68666	0
122	G	0.00005	0.31473	0.68521	0
123	D	0.00006	0.32055	0.67939	0
124	K	0.00252	0.32066	0.67682	0
125	I	0.00719	0.32067	0.67213	0
126	T	0.05011	0.32075	0.62913	0
127	S	0.06938	0.32077	0.60985	0
128	L	0.14037	0.32077	0.53887	0
129	G	0.14184	0.32077	0.53739	0
130	A	0.14470	0.32077	0.53453	0
131	K	0.14854	0.32077	0.53069	0
132	L	0.15639	0.32077	0.52284	0
133	E	0.20791	0.32077	0.47132	0
134	K	0.31151	0.32077	0.36772	0
135	Q	0.46887	0.32077	0.21036	0
136	Q	0.57488	0.32077	0.10435	0
137	Q	0.58618	0.32077	0.09305	0
138	D	0.59173	0.32055	0.08772	0
139	L	0.67594	0.31541	0.00865	0
140	K	0.67850	0.2238	0.09770	0
141	A	0.67324	0.0029	0.32386	0
142	D	0.67160	6e-05	0.32834	0
143	H	0.66599	0	0.33401	0
144	D	0.66489	0	0.33511	0
145	A	0.56636	0	0.43364	0
146	L	0.55366	0	0.44634	0
147	L	0.51391	0	0.48609	0
148	F	0.13565	0	0.86435	0
149	H	0.10526	0	0.89474	0
150	L	0.10277	0	0.89723	0
151	K	0.10258	0	0.89742	0
152	H	0.09724	0	0.90276	0
153	F	0.08816	0	0.91183	0
154	P	0.03701	0	0.96299	0
155	V	0.00555	0	0.99445	0
156	D	0.00406	0	0.99594	0
157	L	0.00023	0	0.99977	0
158	R	0.00016	0	0.99984	0
159	F	0.00001	0	0.99999	0
160	V	0.27558	4e-05	0.72439	0
161	A	0.32070	0.00045	0.67886	0
162	C	0.32075	0.01007	0.66919	0
163	Q	0.32077	0.018	0.66123	0
164	M	0.32077	0.02048	0.65875	0
165	E	0.32077	0.09741	0.58182	0
166	L	0.32077	0.10061	0.57862	0
167	L	0.32077	0.10642	0.57281	0
168	H	0.32077	0.47931	0.19992	0
169	S	0.32077	0.55839	0.12084	0
170	N	0.32077	0.57564	0.10359	0
171	G	0.32076	0.57757	0.10167	0
172	S	0.32054	0.58278	0.09668	0
173	Q	0.31584	0.64456	0.03960	0
174	R	0.30342	0.66019	0.03638	0
175	T	0.11403	0.66725	0.21872	0
176	C	0.00028	0.67476	0.32496	0
177	C	0.00001	0.67815	0.32184	0
178	P	0.00001	0.6276	0.37238	0
179	V	0.00000	0.58905	0.41094	0
180	N	0.00000	0.57773	0.42227	0
181	W	0.00000	0.37984	0.62016	0
182	V	0.00000	0.33361	0.66639	0
183	E	0.00000	0.32961	0.67039	0
184	H	0.00000	0.31409	0.68591	0
185	Q	0.00000	0.29458	0.70542	0
186	G	0.00000	0.28537	0.71463	0
187	S	0.00000	0.20146	0.79853	0
188	C	0.00000	0.12999	0.87001	0
189	Y	0.00000	0.10553	0.89447	0
190	W	0.00000	0.09729	0.90271	0
191	F	0.00000	0.04655	0.95345	0
192	S	0.00000	0.04662	0.95338	0
193	H	0.00000	0.04738	0.95262	0
194	S	0.00000	0.10673	0.89327	0
195	G	0.00000	0.20767	0.79233	0
196	K	0.00000	0.35288	0.64712	0
197	A	0.00000	0.31767	0.68233	0
198	W	0.00012	0.32002	0.67985	0
199	A	0.00263	0.3204	0.67697	0
200	E	0.07264	0.32079	0.60658	0
201	A	0.12956	0.32079	0.54965	0
202	E	0.22040	0.32079	0.45881	0
203	K	0.23773	0.32079	0.44148	0
204	Y	0.23980	0.32078	0.43942	0
205	C	0.26204	0.32078	0.41718	0
206	Q	0.36796	0.32077	0.31127	0
207	L	0.37225	0.32077	0.30698	0
208	E	0.54569	0.32077	0.13355	0
209	N	0.55254	0.32075	0.12671	0
210	A	0.55408	0.32072	0.12520	0
211	H	0.56027	0.32024	0.11949	0
212	L	0.56847	0.31815	0.11338	0
213	V	0.61144	0.31802	0.07054	0
214	V	0.62102	0.31092	0.06807	0
215	I	0.62282	0.30754	0.06964	0
216	N	0.63008	0.30752	0.06239	0
217	S	0.63028	0.30005	0.06968	0
218	W	0.63085	0.30004	0.06911	0
219	E	0.67263	0.30004	0.02733	0
220	E	0.67553	0.30004	0.02443	0
221	Q	0.38411	0.3	0.31590	0
222	K	0.07447	0.29034	0.63519	0
223	F	0.05497	0.16003	0.78500	0
224	I	0.05463	0.03117	0.91419	0
225	V	0.05429	0.00087	0.94483	0
226	Q	0.05430	0.00083	0.94487	0
227	H	0.05430	1e-05	0.94568	0
228	T	0.05397	0	0.94603	0
229	N	0.05395	0	0.94605	0
230	P	0.05394	0	0.94606	0
231	F	0.03673	3e-05	0.96324	0
232	N	0.03680	0.00092	0.96228	0
233	T	0.03444	0.00096	0.96460	0
234	W	0.00011	0.00103	0.99887	0
235	I	0.00011	0.00114	0.99875	0
236	G	0.00110	0.00216	0.99675	0
237	L	0.00207	0.00243	0.99550	0
238	T	0.01053	0.00329	0.98618	0
239	D	0.02038	0.10837	0.87126	0
240	S	0.02069	0.13144	0.84787	0
241	D	0.02075	0.40348	0.57577	0
242	G	0.02076	0.41597	0.56326	0
243	S	0.02088	0.43177	0.54735	0
244	W	0.02177	0.45147	0.52676	0
245	K	0.06330	0.57308	0.36362	0
246	W	0.07253	0.57564	0.35183	0
247	V	0.14923	0.58478	0.26600	0
248	D	0.31879	0.62516	0.05604	0
249	G	0.32069	0.62536	0.05395	0
250	T	0.32069	0.62778	0.05153	0
251	D	0.32069	0.64159	0.03773	0
252	Y	0.32005	0.64178	0.03816	0
253	R	0.31997	0.6439	0.03613	0
254	H	0.31991	0.64699	0.03310	0
255	N	0.31831	0.65695	0.02474	0
256	Y	0.21714	0.66018	0.12268	0
257	K	0.14931	0.67913	0.17157	0
258	N	0.00010	0.67914	0.32077	0
259	W	0.00000	0.67852	0.32148	0
260	A	0.00000	0.67843	0.32157	0
261	V	0.00000	0.67836	0.32164	0
262	T	0.00000	0.67834	0.32166	0
263	Q	0.00000	0.66972	0.33028	0
264	P	0.00000	0.64816	0.35184	0
265	D	0.00000	0.63576	0.36424	0
266	N	0.00000	0.57446	0.42554	0
267	W	0.00000	0.45186	0.54814	0
268	H	0.00000	0.44863	0.55137	0
269	G	0.00000	0.44764	0.55236	0
270	H	0.00000	0.44619	0.55381	0
271	E	0.00000	0.44592	0.55408	0
272	L	0.00000	0.44271	0.55729	0
273	G	0.00000	0.44339	0.55661	0
274	G	0.00000	0.44603	0.55397	0
275	S	0.00000	0.5575	0.44250	0
276	E	0.00000	0.70235	0.29765	0
277	D	0.00000	0.57189	0.42811	0
278	C	0.00000	0.0058	0.99420	0
279	V	0.00000	1e-05	0.99999	0
280	E	0.00000	1e-05	0.99999	0
281	V	0.00000	1e-05	0.99999	0
282	Q	0.00000	1e-05	0.99999	0
283	P	0.00000	0	1.00000	0
284	D	0.00000	0	1.00000	0
285	G	0.00000	0	1.00000	0
286	R	0.22711	0	0.77289	0
287	W	0.22711	0	0.77289	0
288	N	0.22712	0	0.77288	0
289	D	0.22713	0	0.77287	0
290	D	0.22713	0	0.77287	0
291	F	0.22714	0	0.77286	0
292	C	0.23623	0	0.76377	0
293	L	0.23633	0	0.76367	0
294	Q	0.23671	0	0.76329	0
295	V	0.23701	0	0.76299	0
296	Y	0.27838	0	0.72162	0
297	R	0.99992	0	0.00008	0
298	W	0.99992	0	0.00008	0
299	V	0.99992	0	0.00008	0
300	C	0.99997	0	0.00003	0
301	E	1.00000	0	0.00000	0
302	K	1.00000	0	0.00000	0
303	R	1.00000	0	0.00000	0
304	R	1.00000	0	0.00000	0
305	N	1.00000	0	0.00000	0
306	A	1.00000	0	0.00000	0
307	T	1.00000	0	0.00000	0
308	G	1.00000	0	0.00000	0
309	E	1.00000	0	0.00000	0
310	V	1.00000	0	0.00000	0
311	A	1.00000	0	0.00000	0
